,0
0,0.0
1,1.0
2,158.0
3,148.0
4,137.0
5,113.0
6,127.0
7,147.0
8,142.0
9,34.0
10,48.0
11,2.0
12,129.0
13,102.0
14,91.0
15,118.0
16,46.0
17,26.0
18,28.0
19,28.0
20,53.0
21,113.0
22,91.0
23,53.0
24,66.0
25,69.0
26,19.0
27,15.0
28,16.0
29,20.0
30,19.0
31,40.0
32,19.0
33,55.0
34,55.0
35,81.0
36,154.0
37,8.0
38,75.0
39,30.0
40,123.0
41,157.0
42,140.0
43,136.0
44,140.0
45,152.0
46,163.0
47,23.0
48,23.0
49,23.0
50,23.0
51,23.0
52,23.0
53,23.0
54,23.0
55,23.0
56,23.0
57,59.0
58,82.0
59,68.0
60,96.0
61,99.0
62,149.0
63,146.0
64,130.0
65,131.0
66,149.0
67,122.0
68,153.0
69,164.0
70,162.0
71,167.0
72,161.0
73,159.0
74,161.0
75,159.0
76,151.0
77,165.0
78,-15.0
79,-129.0
80,-129.0
81,-137.0
82,-81.0
83,-117.0
84,-123.0
85,-127.0
86,-96.0
87,-123.0
88,-85.0
89,-118.0
90,-119.0
91,-138.0
92,-92.0
93,-0.0
94,-0.0
95,-0.0
96,-0.0
97,-0.0
98,-0.0
99,-0.0
100,-0.0
101,-0.0
102,-0.0
103,-0.0
104,-0.0
105,-0.0
106,-0.0
107,-0.0
108,-0.0
109,-0.0
110,-0.0
111,-0.0
112,-0.0
113,-0.0
114,151.0
115,127.0
116,113.0
117,133.0
118,136.0
119,136.0
120,29.0
121,29.0
122,142.0
123,137.0
124,140.0
125,126.0
126,133.0
127,103.0
128,115.0
129,99.0
130,76.0
131,92.0
132,78.0
133,90.0
134,67.0
135,64.0
136,41.0
137,71.0
138,63.0
139,63.0
140,63.0
141,63.0
142,63.0
143,132.0
144,124.0
145,125.0
146,118.0
147,122.0
148,116.0
149,109.0
150,107.0
151,46.0
152,53.0
153,-33.0
154,-136.0
155,-127.0
156,-129.0
157,-125.0
158,-124.0
159,-126.0
160,-127.0
161,-125.0
162,-120.0
163,-101.0
164,-86.0
165,-45.0
166,-45.0
167,-45.0
168,-45.0
169,-45.0
170,-45.0
171,-45.0
172,-149.0
173,-56.0
174,-72.0
175,-100.0
176,-59.0
177,-46.0
178,-19.0
179,-55.0
180,-56.0
181,-47.0
182,-25.0
183,-51.0
184,-33.0
185,-19.0
186,-12.0
187,-12.0
188,-12.0
189,-12.0
190,-12.0
191,-12.0
192,-12.0
193,-12.0
194,-12.0
195,-12.0
196,-12.0
197,-12.0
198,-13.0
199,-56.0
200,-46.0
201,-56.0
202,-47.0
203,-48.0
204,-25.0
205,-52.0
206,-38.0
207,-38.0
208,-53.0
209,-33.0
210,-35.0
211,-71.0
212,-77.0
213,-71.0
214,-71.0
215,-69.0
216,-41.0
217,-62.0
218,-36.0
219,-27.0
220,-15.0
221,-21.0
222,-73.0
223,-68.0
224,-33.0
225,-30.0
226,-23.0
227,-28.0
228,-25.0
229,-36.0
230,-27.0
231,-29.0
232,-25.0
233,-58.0
234,-50.0
235,-27.0
236,-8.0
237,-12.0
238,-17.0
239,-13.0
240,-46.0
241,-52.0
242,-54.0
243,-46.0
244,-37.0
245,-56.0
246,-46.0
247,-65.0
248,-87.0
249,-61.0
250,-37.0
251,-39.0
252,-40.0
253,-16.0
254,-37.0
255,-38.0
256,-33.0
257,-39.0
258,-38.0
259,-45.0
260,-41.0
261,-27.0
262,-29.0
263,-23.0
264,-49.0
265,-31.0
266,-51.0
267,-54.0
268,-16.0
269,-37.0
270,-12.0
271,-44.0
272,-6.0
273,-6.0
274,-6.0
275,-25.0
276,-13.0
277,-44.0
278,-71.0
279,-56.0
280,-41.0
281,-35.0
282,-18.0
283,-21.0
284,-67.0
285,-67.0
286,-67.0
287,-67.0
288,-67.0
289,-67.0
290,-67.0
291,-67.0
292,-67.0
293,-67.0
294,-33.0
295,-28.0
296,-33.0
297,-14.0
298,-1.0
299,-48.0
300,-50.0
301,-23.0
302,-11.0
303,-49.0
304,-69.0
305,-41.0
306,-25.0
307,-36.0
308,-11.0
309,-11.0
310,-28.0
311,-40.0
312,-37.0
313,-39.0
314,-37.0
315,-19.0
316,-53.0
317,-69.0
318,-54.0
319,-48.0
320,-49.0
321,-40.0
322,-30.0
323,-65.0
324,-46.0
325,-46.0
326,-12.0
327,-70.0
328,-69.0
329,-57.0
330,-67.0
331,-66.0
332,-49.0
333,-45.0
334,-65.0
335,-57.0
336,-63.0
337,-52.0
338,-45.0
339,-7.0
340,-41.0
341,-60.0
342,-40.0
343,-19.0
344,-30.0
345,-21.0
346,-32.0
347,-74.0
348,-46.0
349,-25.0
350,-1.0
351,-44.0
352,-33.0
353,-35.0
354,-49.0
355,-54.0
356,-60.0
357,-69.0
358,-66.0
359,-67.0
360,-73.0
361,-58.0
362,-77.0
363,-37.0
364,-37.0
365,-37.0
366,-37.0
367,-37.0
368,-7.0
369,-58.0
370,-70.0
371,-69.0
372,-71.0
373,-39.0
374,-53.0
375,-60.0
376,-44.0
377,-35.0
378,-15.0
379,-3.0
380,-25.0
381,-25.0
382,-25.0
383,-53.0
384,-56.0
385,-25.0
386,-47.0
387,-11.0
388,-66.0
389,-43.0
390,-17.0
391,-16.0
392,-35.0
393,-35.0
394,-47.0
395,-78.0
396,-41.0
397,-57.0
398,-75.0
399,-60.0
400,-64.0
401,-77.0
402,-90.0
403,-76.0
404,-73.0
405,-9.0
406,-9.0
407,-40.0
408,-48.0
409,-50.0
410,-19.0
411,-47.0
412,-27.0
413,-68.0
414,-129.0
415,-87.0
416,-64.0
417,-30.0
418,-89.0
419,-76.0
420,-74.0
421,-93.0
422,-43.0
423,-31.0
424,-42.0
425,-26.0
426,-23.0
427,-10.0
428,-4.0
429,-21.0
430,-4.0
431,-4.0
432,-6.0
433,-12.0
434,-16.0
435,-89.0
436,-89.0
437,-64.0
438,-62.0
439,-27.0
440,-18.0
441,-38.0
442,-67.0
443,-61.0
444,-46.0
445,-46.0
446,-44.0
447,-44.0
448,-53.0
449,-93.0
450,-15.0
451,-23.0
452,-35.0
453,-59.0
454,-29.0
455,-24.0
456,-34.0
457,-56.0
458,-51.0
459,-54.0
460,-37.0
461,-47.0
462,-42.0
463,-67.0
464,-65.0
465,-64.0
466,-64.0
467,-66.0
468,-58.0
469,-52.0
470,-64.0
471,-49.0
472,-41.0
473,-52.0
474,-53.0
475,-87.0
476,-87.0
477,-87.0
478,-87.0
479,-87.0
480,-87.0
481,-87.0
482,-87.0
483,-87.0
484,-87.0
485,-87.0
486,-87.0
487,-87.0
488,-87.0
489,120.0
490,127.0
491,138.0
492,122.0
493,118.0
494,117.0
495,119.0
496,122.0
497,123.0
498,138.0
499,133.0
500,125.0
501,128.0
502,139.0
503,144.0
504,130.0
505,124.0
506,141.0
507,111.0
508,123.0
509,114.0
510,113.0
511,135.0
512,143.0
513,87.0
514,145.0
515,135.0
516,134.0
517,118.0
518,122.0
519,103.0
520,104.0
521,105.0
522,81.0
523,120.0
524,94.0
525,93.0
526,83.0
527,92.0
528,134.0
529,109.0
530,36.0
531,77.0
532,133.0
533,133.0
534,139.0
535,123.0
536,121.0
537,99.0
538,129.0
539,116.0
540,115.0
541,147.0
542,119.0
543,128.0
544,138.0
545,80.0
546,147.0
547,147.0
548,166.0
549,172.0
550,56.0
551,75.0
552,162.0
553,155.0
554,140.0
555,165.0
556,146.0
557,154.0
558,137.0
559,115.0
560,117.0
561,142.0
562,100.0
563,117.0
564,104.0
565,104.0
566,75.0
567,119.0
568,139.0
569,113.0
570,104.0
571,43.0
572,6.0
573,123.0
574,117.0
575,89.0
576,126.0
577,100.0
578,100.0
579,125.0
580,103.0
581,120.0
582,88.0
583,99.0
584,126.0
585,100.0
586,99.0
587,139.0
588,113.0
589,132.0
590,120.0
591,138.0
592,11.0
593,11.0
594,11.0
595,144.0
596,114.0
597,103.0
598,102.0
599,89.0
600,69.0
601,86.0
602,64.0
603,55.0
604,62.0
605,161.0
606,92.0
607,119.0
608,45.0
609,34.0
610,6.0
611,108.0
612,74.0
613,114.0
614,56.0
615,59.0
616,65.0
617,48.0
618,6.0
619,15.0
620,35.0
621,30.0
622,38.0
623,34.0
624,37.0
625,43.0
626,31.0
627,31.0
628,37.0
629,125.0
630,111.0
631,123.0
632,64.0
633,110.0
634,101.0
635,101.0
636,101.0
637,101.0
638,101.0
639,89.0
640,130.0
641,88.0
642,65.0
643,156.0
644,131.0
645,47.0
646,29.0
647,47.0
648,91.0
649,81.0
650,44.0
651,44.0
652,100.0
653,165.0
654,118.0
655,53.0
656,18.0
657,18.0
658,10.0
659,47.0
660,154.0
661,164.0
662,160.0
663,163.0
664,163.0
665,125.0
666,177.0
667,176.0
668,165.0
669,102.0
670,171.0
671,155.0
672,124.0
673,118.0
674,112.0
675,114.0
676,171.0
677,150.0
678,123.0
679,137.0
680,139.0
681,124.0
682,42.0
683,113.0
684,25.0
685,84.0
686,90.0
687,153.0
688,152.0
689,128.0
690,80.0
691,87.0
692,100.0
693,113.0
694,55.0
695,72.0
696,88.0
697,88.0
698,128.0
699,38.0
700,132.0
701,138.0
702,113.0
703,122.0
704,126.0
705,106.0
706,165.0
707,79.0
708,79.0
709,143.0
710,74.0
711,48.0
712,158.0
713,137.0
714,131.0
715,109.0
716,76.0
717,18.0
718,137.0
719,80.0
720,80.0
721,172.0
722,151.0
723,153.0
724,139.0
725,162.0
726,81.0
727,81.0
728,152.0
729,133.0
730,119.0
731,105.0
732,54.0
733,7.0
734,17.0
735,18.0
736,21.0
737,43.0
738,55.0
739,101.0
740,141.0
741,117.0
742,39.0
743,145.0
744,15.0
745,15.0
746,15.0
747,15.0
748,15.0
749,15.0
750,15.0
751,15.0
752,15.0
753,15.0
754,15.0
755,15.0
756,15.0
757,15.0
758,15.0
759,15.0
760,15.0
761,15.0
762,15.0
763,15.0
764,15.0
765,149.0
766,145.0
767,35.0
768,73.0
769,90.0
770,155.0
771,132.0
772,138.0
773,89.0
774,93.0
775,114.0
776,132.0
777,133.0
778,133.0
779,133.0
780,133.0
781,133.0
782,133.0
783,133.0
784,133.0
785,133.0
786,133.0
787,133.0
788,133.0
789,133.0
790,133.0
791,31.0
792,73.0
793,126.0
794,112.0
795,88.0
796,64.0
797,144.0
798,101.0
799,28.0
800,74.0
801,85.0
802,111.0
803,127.0
804,145.0
805,133.0
806,118.0
807,137.0
808,152.0
809,133.0
810,158.0
811,8.0
812,8.0
813,8.0
814,8.0
815,8.0
816,2.0
817,119.0
818,114.0
819,102.0
820,82.0
821,134.0
822,25.0
823,91.0
824,101.0
825,82.0
826,82.0
827,82.0
828,82.0
829,82.0
830,82.0
831,82.0
832,82.0
833,82.0
834,82.0
835,82.0
836,82.0
837,82.0
838,167.0
839,149.0
840,100.0
841,79.0
842,111.0
843,140.0
844,137.0
845,113.0
846,41.0
847,79.0
848,86.0
849,113.0
850,20.0
851,92.0
852,31.0
853,31.0
854,31.0
855,31.0
856,-40.0
857,-50.0
858,-48.0
859,-74.0
860,-77.0
861,-63.0
862,-71.0
863,-69.0
864,-51.0
865,-55.0
866,-55.0
867,-43.0
868,-51.0
869,-17.0
870,-17.0
871,-39.0
872,-35.0
873,-57.0
874,-44.0
875,-53.0
876,-33.0
877,-3.0
878,-45.0
879,-37.0
880,-30.0
881,-19.0
882,-54.0
883,-46.0
884,-28.0
885,-37.0
886,-37.0
887,-48.0
888,-24.0
889,-33.0
890,-67.0
891,-45.0
892,-49.0
893,-44.0
894,-38.0
895,-42.0
896,-42.0
897,-42.0
898,-42.0
899,-42.0
900,-6.0
901,-38.0
902,-35.0
903,-7.0
904,-7.0
905,-24.0
906,-35.0
907,-37.0
908,-69.0
909,-42.0
910,-54.0
911,-28.0
912,-22.0
913,-58.0
914,-36.0
915,-28.0
916,-23.0
917,-21.0
918,-27.0
919,-12.0
920,-18.0
921,-20.0
922,-36.0
923,-49.0
924,-53.0
925,-40.0
926,-42.0
927,-39.0
928,-43.0
929,-36.0
930,-44.0
931,-35.0
932,-30.0
933,-17.0
934,-22.0
935,-21.0
936,-20.0
937,-20.0
938,-9.0
939,-31.0
940,-10.0
941,-17.0
942,-9.0
943,-73.0
944,-105.0
945,-108.0
946,-97.0
947,-119.0
948,-132.0
949,-133.0
950,-74.0
951,-56.0
952,-76.0
953,-68.0
954,-73.0
955,-36.0
956,-27.0
957,-27.0
958,-27.0
959,-41.0
960,-61.0
961,-60.0
962,-58.0
963,-36.0
964,-2.0
965,-15.0
966,-36.0
967,-45.0
968,-47.0
969,-53.0
970,-44.0
971,-50.0
972,-58.0
973,-46.0
974,-30.0
975,-47.0
976,-61.0
977,-53.0
978,-30.0
979,-18.0
980,-32.0
981,-55.0
982,-55.0
983,-55.0
984,-29.0
985,-43.0
986,-62.0
987,-25.0
988,-30.0
989,-64.0
990,-61.0
991,-52.0
992,-66.0
993,-73.0
994,-68.0
995,-66.0
996,-17.0
997,-16.0
998,-18.0
999,-59.0
1000,-53.0
1001,-63.0
1002,-39.0
1003,-52.0
1004,-57.0
1005,-45.0
1006,-51.0
1007,-42.0
1008,-42.0
1009,-13.0
1010,-10.0
1011,-5.0
1012,-13.0
1013,-18.0
1014,-76.0
1015,-55.0
1016,-64.0
1017,-73.0
1018,-64.0
1019,-43.0
1020,-25.0
1021,-36.0
1022,-32.0
1023,-36.0
1024,-3.0
1025,-18.0
1026,-18.0
1027,-18.0
1028,-18.0
1029,-18.0
1030,-2.0
1031,-20.0
1032,-73.0
1033,-68.0
1034,-63.0
1035,-59.0
1036,-68.0
1037,-66.0
1038,-66.0
1039,-43.0
1040,-46.0
1041,-59.0
1042,-59.0
1043,-24.0
1044,-51.0
1045,-48.0
1046,-90.0
1047,-63.0
1048,-52.0
1049,-67.0
1050,-62.0
1051,-103.0
1052,-51.0
1053,-49.0
1054,-70.0
1055,-40.0
1056,-58.0
1057,-78.0
1058,-65.0
1059,-30.0
1060,-28.0
1061,-42.0
1062,-43.0
1063,-42.0
1064,-31.0
1065,-44.0
1066,-104.0
1067,-56.0
1068,-80.0
1069,-27.0
1070,-27.0
1071,-36.0
1072,-63.0
1073,-65.0
1074,-80.0
1075,-74.0
1076,-71.0
1077,-59.0
1078,-75.0
1079,-55.0
1080,-62.0
1081,-62.0
1082,-62.0
1083,-62.0
1084,-62.0
1085,138.0
1086,135.0
1087,143.0
1088,138.0
1089,139.0
1090,139.0
1091,129.0
1092,131.0
1093,139.0
1094,131.0
1095,127.0
1096,131.0
1097,124.0
1098,122.0
1099,129.0
1100,130.0
1101,116.0
1102,97.0
1103,33.0
1104,33.0
1105,38.0
1106,87.0
1107,124.0
1108,109.0
1109,115.0
1110,119.0
1111,119.0
1112,126.0
1113,117.0
1114,117.0
1115,117.0
1116,117.0
1117,117.0
1118,117.0
1119,-139.0
1120,-145.0
1121,-143.0
1122,-145.0
1123,-172.0
1124,-111.0
1125,-90.0
1126,-105.0
1127,16.0
1128,135.0
1129,140.0
1130,107.0
1131,146.0
1132,143.0
1133,142.0
1134,113.0
1135,117.0
1136,124.0
1137,118.0
1138,123.0
1139,123.0
1140,140.0
1141,144.0
1142,29.0
1143,29.0
1144,29.0
1145,29.0
1146,29.0
1147,29.0
1148,29.0
1149,117.0
1150,126.0
1151,130.0
1152,85.0
1153,120.0
1154,118.0
1155,86.0
1156,103.0
1157,117.0
1158,139.0
1159,128.0
1160,116.0
1161,126.0
1162,61.0
1163,85.0
1164,50.0
1165,73.0
1166,41.0
1167,41.0
1168,90.0
1169,90.0
1170,90.0
1171,90.0
1172,104.0
1173,135.0
1174,128.0
1175,76.0
1176,96.0
1177,118.0
1178,133.0
1179,98.0
1180,89.0
1181,120.0
1182,81.0
1183,16.0
1184,71.0
1185,111.0
1186,124.0
1187,94.0
1188,95.0
1189,120.0
1190,34.0
1191,8.0
1192,8.0
1193,8.0
1194,8.0
1195,8.0
1196,8.0
1197,8.0
1198,8.0
1199,8.0
1200,70.0
1201,90.0
1202,148.0
1203,136.0
1204,118.0
1205,126.0
1206,150.0
1207,115.0
1208,135.0
1209,111.0
1210,102.0
1211,114.0
1212,111.0
1213,109.0
1214,139.0
1215,139.0
1216,139.0
1217,139.0
1218,95.0
1219,130.0
1220,128.0
1221,114.0
1222,78.0
1223,83.0
1224,86.0
1225,78.0
1226,95.0
1227,86.0
1228,96.0
1229,96.0
1230,96.0
1231,96.0
1232,96.0
1233,96.0
1234,96.0
1235,96.0
1236,147.0
1237,148.0
1238,130.0
1239,160.0
1240,121.0
1241,133.0
1242,135.0
1243,140.0
1244,147.0
1245,149.0
1246,154.0
1247,130.0
1248,114.0
1249,114.0
1250,110.0
1251,106.0
1252,91.0
1253,85.0
1254,127.0
1255,153.0
1256,148.0
1257,161.0
1258,156.0
1259,160.0
1260,61.0
1261,59.0
1262,143.0
1263,155.0
1264,160.0
1265,130.0
1266,148.0
1267,154.0
1268,161.0
1269,166.0
1270,126.0
1271,112.0
1272,109.0
1273,108.0
1274,124.0
1275,131.0
1276,107.0
1277,38.0
1278,84.0
1279,77.0
1280,119.0
1281,93.0
1282,115.0
1283,120.0
1284,101.0
1285,-26.0
1286,-69.0
1287,-80.0
1288,-19.0
1289,-21.0
1290,-89.0
1291,-25.0
1292,-63.0
1293,-62.0
1294,-68.0
1295,-72.0
1296,-65.0
1297,-116.0
1298,-28.0
1299,-28.0
1300,-26.0
1301,-50.0
1302,-17.0
1303,-54.0
1304,-50.0
1305,-56.0
1306,-71.0
1307,-67.0
1308,-26.0
1309,-54.0
1310,-62.0
1311,-67.0
1312,-53.0
1313,-53.0
1314,-53.0
1315,-40.0
1316,-16.0
1317,-24.0
1318,-33.0
1319,-40.0
1320,-33.0
1321,-46.0
1322,-31.0
1323,-43.0
1324,-47.0
1325,-33.0
1326,-32.0
1327,-42.0
1328,-42.0
1329,-42.0
1330,-42.0
1331,-42.0
1332,-21.0
1333,-1.0
1334,-13.0
1335,-11.0
1336,-19.0
1337,-39.0
1338,-99.0
1339,-36.0
1340,-77.0
1341,-28.0
1342,-22.0
1343,-79.0
1344,-29.0
1345,36.0
1346,25.0
1347,9.0
1348,3.0
1349,1.0
1350,11.0
1351,3.0
1352,2.0
1353,-1.0
1354,-30.0
1355,-10.0
1356,-45.0
1357,-27.0
1358,-11.0
1359,-18.0
1360,-19.0
1361,-23.0
1362,-34.0
1363,-25.0
1364,-28.0
1365,-37.0
1366,-26.0
1367,-16.0
1368,-21.0
1369,-11.0
1370,-8.0
1371,-29.0
1372,-42.0
1373,-60.0
1374,-32.0
1375,-25.0
1376,-33.0
1377,-76.0
1378,-91.0
1379,-74.0
1380,60.0
1381,161.0
1382,26.0
1383,142.0
1384,136.0
1385,116.0
1386,115.0
1387,132.0
1388,116.0
1389,117.0
1390,115.0
1391,78.0
1392,123.0
1393,138.0
1394,48.0
1395,12.0
1396,77.0
1397,132.0
1398,120.0
1399,105.0
1400,53.0
1401,47.0
1402,113.0
1403,90.0
1404,1.0
1405,101.0
1406,51.0
1407,54.0
1408,100.0
1409,64.0
1410,133.0
1411,135.0
1412,96.0
1413,138.0
1414,149.0
1415,66.0
1416,122.0
1417,119.0
1418,133.0
1419,132.0
1420,150.0
1421,14.0
1422,96.0
1423,114.0
1424,89.0
1425,114.0
1426,114.0
1427,114.0
1428,114.0
1429,114.0
1430,114.0
1431,82.0
1432,129.0
1433,103.0
1434,177.0
1435,173.0
1436,162.0
1437,159.0
1438,95.0
1439,102.0
1440,114.0
1441,126.0
1442,122.0
1443,125.0
1444,137.0
1445,99.0
1446,130.0
1447,131.0
1448,102.0
1449,125.0
1450,58.0
1451,86.0
1452,87.0
1453,122.0
1454,105.0
1455,96.0
1456,15.0
1457,15.0
1458,15.0
1459,15.0
1460,15.0
1461,15.0
1462,15.0
1463,15.0
1464,15.0
1465,15.0
1466,101.0
1467,94.0
1468,65.0
1469,56.0
1470,67.0
1471,55.0
1472,55.0
1473,112.0
1474,127.0
1475,147.0
1476,135.0
1477,144.0
1478,143.0
1479,116.0
1480,142.0
1481,121.0
1482,99.0
1483,118.0
1484,110.0
1485,81.0
1486,99.0
1487,94.0
1488,94.0
1489,94.0
1490,94.0
1491,94.0
1492,35.0
1493,52.0
1494,127.0
1495,163.0
1496,148.0
1497,96.0
1498,27.0
1499,27.0
1500,27.0
1501,27.0
1502,27.0
1503,27.0
1504,-81.0
1505,-58.0
1506,-34.0
1507,-38.0
1508,-57.0
1509,-23.0
1510,-23.0
1511,-23.0
1512,-23.0
1513,-3.0
1514,-12.0
1515,-30.0
1516,-21.0
1517,-21.0
1518,-28.0
1519,-22.0
1520,-25.0
1521,-25.0
1522,-25.0
1523,-25.0
1524,-25.0
1525,-25.0
1526,-34.0
1527,-94.0
1528,-55.0
1529,-6.0
1530,-11.0
1531,-14.0
1532,-14.0
1533,-14.0
1534,-14.0
1535,-14.0
1536,-14.0
1537,-16.0
1538,-33.0
1539,-47.0
1540,-63.0
1541,-65.0
1542,-59.0
1543,-59.0
1544,-37.0
1545,-82.0
1546,-81.0
1547,-78.0
1548,-79.0
1549,-66.0
1550,-51.0
1551,-82.0
1552,-62.0
1553,-40.0
1554,-55.0
1555,-65.0
1556,-56.0
1557,-30.0
1558,-60.0
1559,-61.0
1560,-49.0
1561,-29.0
1562,-17.0
1563,-45.0
1564,-26.0
1565,-3.0
1566,-23.0
1567,-23.0
1568,-23.0
1569,-23.0
1570,-23.0
1571,-23.0
1572,-23.0
1573,-23.0
1574,-23.0
1575,-23.0
1576,-23.0
1577,-23.0
1578,-23.0
1579,-23.0
1580,-23.0
1581,-23.0
1582,-1.0
1583,-64.0
1584,-11.0
1585,-56.0
1586,-38.0
1587,-21.0
1588,-47.0
1589,-38.0
1590,-43.0
1591,-43.0
1592,-43.0
1593,-43.0
1594,-43.0
1595,-43.0
1596,-43.0
1597,-99.0
1598,-39.0
1599,-6.0
1600,-111.0
1601,-102.0
1602,-92.0
1603,-88.0
1604,-98.0
1605,-89.0
1606,-49.0
1607,-49.0
1608,-26.0
1609,-2.0
1610,-10.0
1611,-20.0
1612,-27.0
1613,-34.0
1614,-46.0
1615,-74.0
1616,-143.0
1617,-150.0
1618,-131.0
1619,-115.0
1620,-49.0
1621,-90.0
1622,-84.0
1623,-19.0
1624,-58.0
1625,-2.0
1626,-43.0
1627,-54.0
1628,-110.0
1629,-111.0
1630,-80.0
1631,-74.0
1632,-62.0
1633,-49.0
1634,-42.0
1635,-98.0
1636,-54.0
1637,-62.0
1638,-77.0
1639,-67.0
1640,-56.0
1641,-68.0
1642,-58.0
1643,-66.0
1644,-66.0
1645,-59.0
1646,-64.0
1647,-55.0
1648,-51.0
1649,-20.0
1650,-29.0
1651,-36.0
1652,-67.0
1653,-74.0
1654,-43.0
1655,-35.0
1656,-38.0
1657,-43.0
1658,-28.0
1659,-27.0
1660,-26.0
1661,-32.0
1662,-46.0
1663,-49.0
1664,-54.0
1665,-76.0
1666,-71.0
1667,-32.0
1668,-16.0
1669,-46.0
1670,-25.0
1671,-14.0
1672,-52.0
1673,-50.0
1674,-56.0
1675,-60.0
1676,-49.0
1677,-36.0
1678,-69.0
1679,-68.0
1680,-52.0
1681,-45.0
1682,-15.0
1683,-1.0
1684,-23.0
1685,-42.0
1686,-62.0
1687,-62.0
1688,-62.0
1689,-62.0
1690,-62.0
1691,-62.0
1692,-62.0
1693,-62.0
1694,-62.0
1695,-3.0
1696,-34.0
1697,-47.0
1698,-28.0
1699,-34.0
1700,-30.0
1701,-45.0
1702,-57.0
1703,-59.0
1704,-39.0
1705,-56.0
1706,-58.0
1707,-82.0
1708,-78.0
1709,-28.0
1710,-57.0
1711,-63.0
1712,-50.0
1713,-67.0
1714,-62.0
1715,-83.0
1716,-76.0
1717,-76.0
1718,-49.0
1719,-30.0
1720,-48.0
1721,-36.0
1722,-65.0
1723,-21.0
1724,-19.0
1725,-90.0
1726,-117.0
1727,-84.0
1728,-65.0
1729,-75.0
1730,-66.0
1731,-28.0
1732,-18.0
1733,-7.0
1734,-42.0
1735,-30.0
1736,-37.0
1737,-48.0
1738,-46.0
1739,-66.0
1740,-49.0
1741,-39.0
1742,-33.0
1743,-62.0
1744,-69.0
1745,-71.0
1746,-69.0
1747,-50.0
1748,-43.0
1749,-39.0
1750,-45.0
1751,-45.0
1752,-45.0
1753,-45.0
1754,-45.0
1755,-45.0
1756,-45.0
1757,-45.0
1758,-45.0
1759,-45.0
1760,-45.0
1761,-45.0
1762,-45.0
1763,-45.0
1764,-148.0
1765,-155.0
1766,-119.0
1767,-18.0
1768,-35.0
1769,-56.0
1770,-61.0
1771,-65.0
1772,-71.0
1773,-127.0
1774,-81.0
1775,-5.0
1776,-5.0
1777,-5.0
1778,-5.0
1779,-5.0
1780,-5.0
1781,-5.0
1782,-5.0
1783,-5.0
1784,-5.0
1785,-5.0
1786,-5.0
1787,-5.0
1788,-5.0
1789,-5.0
1790,-5.0
1791,-5.0
1792,-18.0
1793,-35.0
1794,-9.0
1795,-18.0
1796,-20.0
1797,-6.0
1798,-1.0
1799,-20.0
1800,-32.0
1801,-34.0
1802,-22.0
1803,-22.0
1804,-22.0
1805,-22.0
1806,-22.0
1807,60.0
1808,88.0
1809,105.0
1810,118.0
1811,145.0
1812,30.0
1813,-52.0
1814,-59.0
1815,-65.0
1816,-9.0
1817,-1.0
1818,-13.0
1819,-43.0
1820,-8.0
1821,40.0
1822,49.0
1823,58.0
1824,71.0
1825,109.0
1826,120.0
1827,129.0
1828,124.0
1829,123.0
1830,124.0
1831,127.0
1832,124.0
1833,133.0
1834,127.0
1835,123.0
1836,117.0
1837,120.0
1838,127.0
1839,111.0
1840,135.0
1841,28.0
1842,132.0
1843,110.0
1844,110.0
1845,109.0
1846,124.0
1847,65.0
1848,108.0
1849,133.0
1850,127.0
1851,61.0
1852,64.0
1853,111.0
1854,111.0
1855,44.0
1856,128.0
1857,108.0
1858,109.0
1859,63.0
1860,44.0
1861,131.0
1862,118.0
1863,91.0
1864,91.0
1865,91.0
1866,91.0
1867,91.0
1868,91.0
1869,91.0
1870,91.0
1871,91.0
1872,83.0
1873,139.0
1874,90.0
1875,33.0
1876,74.0
1877,165.0
1878,137.0
1879,94.0
1880,25.0
1881,111.0
1882,119.0
1883,102.0
1884,-87.0
1885,-145.0
1886,-120.0
1887,-94.0
1888,-101.0
1889,-24.0
1890,-24.0
1891,-24.0
1892,-24.0
1893,-24.0
1894,-24.0
1895,-24.0
1896,-24.0
1897,-24.0
1898,-24.0
1899,-24.0
1900,-24.0
1901,139.0
1902,86.0
1903,99.0
1904,119.0
1905,139.0
1906,139.0
1907,128.0
1908,126.0
1909,135.0
1910,134.0
1911,144.0
1912,143.0
1913,147.0
1914,118.0
1915,120.0
1916,118.0
1917,100.0
1918,118.0
1919,23.0
1920,-157.0
1921,-142.0
1922,-133.0
1923,-113.0
1924,-27.0
1925,-33.0
1926,-75.0
1927,-8.0
1928,-8.0
1929,-91.0
1930,-115.0
1931,-134.0
1932,-125.0
1933,-67.0
1934,-108.0
1935,-135.0
1936,-174.0
1937,-174.0
1938,-174.0
1939,-174.0
1940,-174.0
1941,-174.0
1942,-174.0
1943,-53.0
1944,-132.0
1945,-112.0
1946,-22.0
1947,-8.0
1948,-71.0
1949,-3.0
1950,-25.0
1951,-25.0
1952,-25.0
1953,-25.0
1954,-25.0
1955,-93.0
1956,-81.0
1957,-49.0
1958,-47.0
1959,-69.0
1960,-88.0
1961,-26.0
1962,-37.0
1963,-43.0
1964,-65.0
1965,-68.0
1966,-72.0
1967,-63.0
1968,-59.0
1969,-47.0
1970,-48.0
1971,-34.0
1972,-30.0
1973,-32.0
1974,-17.0
1975,-29.0
1976,-56.0
1977,-56.0
1978,-34.0
1979,-32.0
1980,52.0
1981,49.0
1982,26.0
1983,18.0
1984,32.0
1985,80.0
1986,19.0
1987,-43.0
1988,-33.0
1989,-24.0
1990,-32.0
1991,-8.0
1992,-31.0
1993,-51.0
1994,-71.0
1995,-44.0
1996,-14.0
1997,-21.0
1998,-61.0
1999,-41.0
2000,-21.0
2001,-12.0
2002,-43.0
2003,-30.0
2004,-63.0
2005,-20.0
2006,-43.0
2007,-43.0
2008,-158.0
2009,-123.0
2010,-135.0
2011,-2.0
2012,-145.0
2013,-137.0
2014,-51.0
2015,-20.0
2016,-20.0
2017,-20.0
2018,-25.0
2019,-49.0
2020,-46.0
2021,-39.0
2022,-15.0
2023,-25.0
2024,-70.0
2025,-41.0
2026,-26.0
2027,-32.0
2028,-37.0
2029,-53.0
2030,-27.0
2031,-61.0
2032,91.0
2033,132.0
2034,155.0
2035,141.0
2036,102.0
2037,123.0
2038,97.0
2039,81.0
2040,118.0
2041,133.0
2042,135.0
2043,144.0
2044,153.0
2045,121.0
2046,134.0
2047,156.0
2048,155.0
2049,143.0
2050,151.0
2051,146.0
2052,150.0
2053,145.0
2054,151.0
2055,157.0
2056,158.0
2057,164.0
2058,169.0
2059,72.0
2060,155.0
2061,152.0
2062,29.0
2063,10.0
2064,-162.0
2065,-148.0
2066,-147.0
2067,-115.0
2068,-93.0
2069,-55.0
2070,90.0
2071,108.0
2072,129.0
2073,127.0
2074,115.0
2075,98.0
2076,131.0
2077,116.0
2078,145.0
2079,130.0
2080,108.0
2081,108.0
2082,71.0
2083,75.0
2084,74.0
2085,77.0
2086,75.0
2087,74.0
2088,60.0
2089,59.0
2090,55.0
2091,56.0
2092,72.0
2093,89.0
2094,79.0
2095,53.0
2096,40.0
2097,50.0
2098,56.0
2099,70.0
2100,108.0
2101,95.0
2102,87.0
2103,114.0
2104,76.0
2105,90.0
2106,91.0
2107,91.0
2108,114.0
2109,115.0
2110,105.0
2111,112.0
2112,118.0
2113,128.0
2114,118.0
2115,101.0
2116,141.0
2117,121.0
2118,114.0
2119,125.0
2120,134.0
2121,92.0
2122,100.0
2123,26.0
2124,26.0
2125,142.0
2126,136.0
2127,138.0
2128,151.0
2129,139.0
2130,146.0
2131,129.0
2132,114.0
2133,124.0
2134,139.0
2135,146.0
2136,141.0
2137,133.0
2138,126.0
2139,125.0
2140,129.0
2141,132.0
2142,128.0
2143,124.0
2144,127.0
2145,121.0
2146,124.0
2147,127.0
2148,124.0
2149,96.0
2150,98.0
2151,98.0
2152,98.0
2153,98.0
2154,98.0
2155,-34.0
2156,-81.0
2157,-90.0
2158,-109.0
2159,-109.0
2160,-98.0
2161,-93.0
2162,-93.0
2163,-93.0
2164,-88.0
2165,-109.0
2166,-105.0
2167,-101.0
2168,-107.0
2169,-110.0
2170,-99.0
2171,-98.0
2172,-112.0
2173,-113.0
2174,-95.0
2175,-89.0
2176,-101.0
2177,-108.0
2178,-85.0
2179,-58.0
2180,-53.0
2181,-64.0
2182,-63.0
2183,-66.0
2184,-73.0
2185,-66.0
2186,-60.0
2187,-55.0
2188,-79.0
2189,-53.0
2190,-22.0
2191,-22.0
2192,-22.0
2193,-38.0
2194,-77.0
2195,-51.0
2196,-52.0
2197,-58.0
2198,-59.0
2199,-59.0
2200,-58.0
2201,-28.0
2202,-64.0
2203,-57.0
2204,-57.0
2205,-57.0
2206,-57.0
2207,-57.0
2208,-57.0
2209,-57.0
2210,-57.0
2211,-57.0
2212,-42.0
2213,-64.0
2214,-58.0
2215,-58.0
2216,-20.0
2217,-62.0
2218,-60.0
2219,-50.0
2220,-61.0
2221,-49.0
2222,-39.0
2223,-41.0
2224,-46.0
2225,-52.0
2226,-16.0
2227,-16.0
2228,-16.0
2229,-16.0
2230,-16.0
2231,-29.0
2232,-34.0
2233,-44.0
2234,-64.0
2235,-26.0
2236,-19.0
2237,-37.0
2238,-53.0
2239,-31.0
2240,-24.0
2241,-41.0
2242,-29.0
2243,-18.0
2244,-63.0
2245,-54.0
2246,-52.0
2247,-15.0
2248,-31.0
2249,-4.0
2250,-2.0
2251,-17.0
2252,-55.0
2253,-67.0
2254,-2.0
2255,-2.0
2256,-2.0
2257,-2.0
2258,-2.0
2259,-2.0
2260,-2.0
2261,-2.0
2262,-30.0
2263,-43.0
2264,-72.0
2265,-77.0
2266,-58.0
2267,-0.0
2268,-94.0
2269,-80.0
2270,-66.0
2271,-78.0
2272,-80.0
2273,-28.0
2274,-68.0
2275,-80.0
2276,-10.0
2277,-52.0
2278,-41.0
2279,-125.0
2280,-39.0
2281,-77.0
2282,-75.0
2283,-24.0
2284,-44.0
2285,-90.0
2286,-126.0
2287,-43.0
2288,-43.0
2289,-6.0
2290,-46.0
2291,-92.0
2292,-95.0
2293,-45.0
2294,-30.0
2295,-58.0
2296,-75.0
2297,-113.0
2298,-94.0
2299,-69.0
2300,-78.0
2301,-133.0
2302,-55.0
2303,-20.0
2304,-20.0
2305,-20.0
2306,-20.0
2307,-20.0
2308,-20.0
2309,-54.0
2310,-133.0
2311,-127.0
2312,-71.0
2313,-86.0
2314,-90.0
2315,-95.0
2316,-98.0
2317,-74.0
2318,-23.0
2319,-22.0
2320,-36.0
2321,-74.0
2322,-84.0
2323,-89.0
2324,-98.0
2325,-100.0
2326,-100.0
2327,-122.0
2328,-83.0
2329,-111.0
2330,-81.0
2331,-20.0
2332,-28.0
2333,-3.0
2334,-51.0
2335,-51.0
2336,-65.0
2337,-77.0
2338,-57.0
2339,-23.0
2340,-18.0
2341,-72.0
2342,-93.0
2343,-19.0
2344,13.0
2345,30.0
2346,26.0
2347,41.0
2348,41.0
2349,19.0
2350,21.0
2351,21.0
2352,21.0
2353,21.0
2354,21.0
2355,21.0
2356,-33.0
2357,-74.0
2358,-48.0
2359,-7.0
2360,-16.0
2361,-43.0
2362,-42.0
2363,-73.0
2364,-40.0
2365,-71.0
2366,-61.0
2367,-99.0
2368,-113.0
2369,-78.0
2370,-78.0
2371,-78.0
2372,-93.0
2373,-94.0
2374,-87.0
2375,-95.0
2376,42.0
2377,64.0
2378,118.0
2379,95.0
2380,80.0
2381,95.0
2382,60.0
2383,92.0
2384,71.0
2385,79.0
2386,-60.0
2387,-156.0
2388,-121.0
2389,-84.0
2390,-111.0
2391,-87.0
2392,-78.0
2393,-72.0
2394,-69.0
2395,-67.0
2396,-59.0
2397,-59.0
2398,-57.0
2399,-53.0
2400,-50.0
2401,-41.0
2402,-38.0
2403,-29.0
2404,-23.0
2405,-26.0
2406,-34.0
2407,-28.0
2408,31.0
2409,35.0
2410,119.0
2411,140.0
2412,148.0
2413,133.0
2414,67.0
2415,58.0
2416,71.0
2417,71.0
2418,71.0
2419,71.0
2420,71.0
2421,71.0
2422,71.0
2423,71.0
2424,71.0
2425,71.0
2426,71.0
2427,71.0
2428,71.0
2429,71.0
2430,71.0
2431,71.0
2432,71.0
2433,71.0
2434,71.0
2435,71.0
2436,71.0
2437,71.0
2438,71.0
2439,71.0
2440,71.0
2441,75.0
2442,141.0
2443,131.0
2444,123.0
2445,131.0
2446,134.0
2447,132.0
2448,146.0
2449,138.0
2450,142.0
2451,140.0
2452,147.0
2453,147.0
2454,147.0
2455,147.0
2456,147.0
2457,147.0
2458,-48.0
2459,-59.0
2460,-48.0
2461,-30.0
2462,-65.0
2463,-106.0
2464,-106.0
2465,-106.0
2466,-43.0
2467,-17.0
2468,-112.0
2469,-151.0
2470,-160.0
2471,-166.0
2472,-113.0
2473,-80.0
2474,-108.0
2475,-74.0
2476,-40.0
2477,137.0
2478,93.0
2479,111.0
2480,111.0
2481,121.0
2482,123.0
2483,132.0
2484,125.0
2485,118.0
2486,91.0
2487,19.0
2488,113.0
2489,149.0
2490,151.0
2491,162.0
2492,114.0
2493,-67.0
2494,-102.0
2495,-72.0
2496,-52.0
2497,-45.0
2498,-33.0
2499,-14.0
2500,-28.0
2501,131.0
2502,145.0
2503,107.0
2504,113.0
2505,133.0
2506,60.0
2507,52.0
2508,112.0
2509,130.0
2510,98.0
2511,98.0
2512,98.0
2513,150.0
2514,50.0
2515,87.0
2516,102.0
2517,91.0
2518,164.0
2519,164.0
2520,164.0
2521,164.0
2522,36.0
2523,31.0
2524,113.0
2525,140.0
2526,123.0
2527,139.0
2528,8.0
2529,168.0
2530,103.0
2531,13.0
2532,13.0
2533,13.0
2534,13.0
2535,27.0
2536,107.0
2537,129.0
2538,95.0
2539,84.0
2540,103.0
2541,86.0
2542,107.0
2543,88.0
2544,83.0
2545,119.0
2546,155.0
2547,157.0
2548,128.0
2549,81.0
2550,75.0
2551,84.0
2552,139.0
2553,139.0
2554,151.0
2555,151.0
2556,88.0
2557,145.0
2558,11.0
2559,78.0
2560,127.0
2561,101.0
2562,122.0
2563,74.0
2564,31.0
2565,20.0
2566,38.0
2567,130.0
2568,24.0
2569,27.0
2570,27.0
2571,27.0
2572,27.0
2573,27.0
2574,27.0
2575,27.0
2576,27.0
2577,27.0
2578,27.0
2579,27.0
2580,27.0
2581,45.0
2582,36.0
2583,123.0
2584,8.0
2585,82.0
2586,114.0
2587,26.0
2588,77.0
2589,41.0
2590,41.0
2591,41.0
2592,41.0
2593,164.0
2594,147.0
2595,151.0
2596,114.0
2597,157.0
2598,128.0
2599,145.0
2600,124.0
2601,151.0
2602,79.0
2603,79.0
2604,79.0
2605,79.0
2606,79.0
2607,79.0
2608,79.0
2609,79.0
2610,79.0
2611,79.0
2612,79.0
2613,79.0
2614,79.0
2615,79.0
2616,-45.0
2617,-35.0
2618,-51.0
2619,-36.0
2620,-42.0
2621,-143.0
2622,-163.0
2623,-150.0
2624,-114.0
2625,162.0
2626,158.0
2627,117.0
2628,155.0
2629,39.0
2630,60.0
2631,-9.0
2632,-15.0
2633,-24.0
2634,-65.0
2635,-53.0
2636,-18.0
2637,-60.0
2638,-71.0
2639,-61.0
2640,-52.0
2641,-22.0
2642,-17.0
2643,-44.0
2644,-56.0
2645,-64.0
2646,-50.0
2647,-5.0
2648,-25.0
2649,-40.0
2650,-40.0
2651,-40.0
2652,-40.0
2653,-40.0
2654,-40.0
2655,-40.0
2656,-40.0
2657,-28.0
2658,-37.0
2659,-49.0
2660,-34.0
2661,-17.0
2662,-37.0
2663,-41.0
2664,-78.0
2665,-48.0
2666,-72.0
2667,-43.0
2668,-42.0
2669,-72.0
2670,-72.0
2671,-72.0
2672,-72.0
2673,-72.0
2674,-72.0
2675,-51.0
2676,-104.0
2677,-46.0
2678,-18.0
2679,-19.0
2680,-80.0
2681,-44.0
2682,-30.0
2683,-18.0
2684,-41.0
2685,-78.0
2686,-51.0
2687,-52.0
2688,-73.0
2689,-81.0
2690,-110.0
2691,-22.0
2692,-22.0
2693,-36.0
2694,-75.0
2695,-65.0
2696,-77.0
2697,-42.0
2698,-27.0
2699,-50.0
2700,-22.0
2701,-54.0
2702,-43.0
2703,-41.0
2704,-17.0
2705,-18.0
2706,-9.0
2707,-2.0
2708,-4.0
2709,-8.0
2710,-5.0
2711,-5.0
2712,-5.0
2713,-5.0
2714,9.0
2715,14.0
2716,13.0
2717,11.0
2718,20.0
2719,14.0
2720,5.0
2721,5.0
2722,5.0
2723,5.0
2724,5.0
2725,5.0
2726,5.0
2727,5.0
2728,5.0
2729,5.0
2730,5.0
2731,-1.0
2732,-0.0
2733,-4.0
2734,-3.0
2735,-8.0
2736,-14.0
2737,-15.0
2738,-17.0
2739,-21.0
2740,-27.0
2741,-44.0
2742,-30.0
2743,-3.0
2744,-21.0
2745,-16.0
2746,-22.0
2747,-19.0
2748,-46.0
2749,-53.0
2750,-23.0
2751,-13.0
2752,-59.0
2753,-63.0
2754,-56.0
2755,-54.0
2756,-69.0
2757,-64.0
2758,-31.0
2759,-5.0
2760,-5.0
2761,-14.0
2762,-58.0
2763,-31.0
2764,-45.0
2765,-67.0
2766,-97.0
2767,-63.0
2768,-76.0
2769,-69.0
2770,-59.0
2771,-60.0
2772,-42.0
2773,-39.0
2774,-39.0
2775,-39.0
2776,-39.0
2777,-39.0
2778,-39.0
2779,-39.0
2780,-28.0
2781,-27.0
2782,-23.0
2783,-18.0
2784,-33.0
2785,-34.0
2786,-43.0
2787,-44.0
2788,-42.0
2789,-45.0
2790,-25.0
2791,-31.0
2792,4.0
2793,83.0
2794,59.0
2795,100.0
2796,121.0
2797,92.0
2798,132.0
2799,141.0
2800,119.0
2801,84.0
2802,57.0
2803,78.0
2804,102.0
2805,114.0
2806,114.0
2807,138.0
2808,129.0
2809,118.0
2810,121.0
2811,132.0
2812,138.0
2813,126.0
2814,125.0
2815,150.0
2816,114.0
2817,102.0
2818,89.0
2819,102.0
2820,97.0
2821,98.0
2822,96.0
2823,117.0
2824,97.0
2825,134.0
2826,-102.0
2827,-133.0
2828,-93.0
2829,-91.0
2830,-129.0
2831,-160.0
2832,126.0
2833,145.0
2834,132.0
2835,131.0
2836,132.0
2837,142.0
2838,102.0
2839,84.0
2840,85.0
2841,95.0
2842,81.0
2843,81.0
2844,78.0
2845,45.0
2846,93.0
2847,71.0
2848,9.0
2849,9.0
2850,3.0
2851,76.0
2852,90.0
2853,104.0
2854,115.0
2855,97.0
2856,99.0
2857,120.0
2858,134.0
2859,158.0
2860,154.0
2861,88.0
2862,-20.0
2863,-39.0
2864,-30.0
2865,-42.0
2866,-41.0
2867,-40.0
2868,-40.0
2869,-40.0
2870,-37.0
2871,-34.0
2872,-36.0
2873,-35.0
2874,-21.0
2875,-25.0
2876,-50.0
2877,-52.0
2878,-43.0
2879,-20.0
2880,-20.0
2881,-20.0
2882,-20.0
2883,-20.0
2884,-20.0
2885,-24.0
2886,-31.0
2887,-42.0
2888,-44.0
2889,-34.0
2890,-25.0
2891,-33.0
2892,-23.0
2893,-23.0
2894,-23.0
2895,-23.0
2896,-14.0
2897,-39.0
2898,-46.0
2899,-59.0
2900,-39.0
2901,-54.0
2902,-33.0
2903,-12.0
2904,-48.0
2905,-23.0
2906,-42.0
2907,-42.0
2908,-42.0
2909,-42.0
2910,-42.0
2911,-26.0
2912,-42.0
2913,-31.0
2914,-35.0
2915,-53.0
2916,-36.0
2917,-44.0
2918,-45.0
2919,-42.0
2920,-34.0
2921,-14.0
2922,-16.0
2923,-41.0
2924,-57.0
2925,-57.0
2926,-38.0
2927,-14.0
2928,-35.0
2929,-61.0
2930,-31.0
2931,-1.0
2932,-1.0
2933,-1.0
2934,-1.0
2935,-1.0
2936,-1.0
2937,-1.0
2938,-1.0
2939,-1.0
2940,-1.0
2941,-1.0
2942,-34.0
2943,-53.0
2944,-40.0
2945,-52.0
2946,-90.0
2947,-56.0
2948,-41.0
2949,-31.0
2950,-39.0
2951,-53.0
2952,-33.0
2953,-53.0
2954,-50.0
2955,-55.0
2956,-52.0
2957,-42.0
2958,-36.0
2959,-20.0
2960,-26.0
2961,-64.0
2962,-50.0
2963,-25.0
2964,-18.0
2965,-45.0
2966,-5.0
2967,-30.0
2968,-36.0
2969,-37.0
2970,-32.0
2971,-29.0
2972,-11.0
2973,-38.0
2974,-29.0
2975,-39.0
2976,-39.0
2977,-12.0
2978,-81.0
2979,-64.0
2980,-65.0
2981,-48.0
2982,-1.0
2983,-1.0
2984,-1.0
2985,-1.0
2986,-1.0
2987,-1.0
2988,-1.0
2989,-1.0
2990,-1.0
2991,-1.0
2992,-1.0
2993,19.0
2994,3.0
2995,54.0
2996,57.0
2997,18.0
2998,21.0
2999,21.0
3000,9.0
3001,-15.0
3002,-79.0
3003,-71.0
3004,-75.0
3005,-80.0
3006,-71.0
3007,84.0
3008,121.0
3009,121.0
3010,103.0
3011,114.0
3012,120.0
3013,111.0
3014,-12.0
3015,-50.0
3016,-118.0
3017,-110.0
3018,-104.0
3019,-82.0
3020,-79.0
3021,-75.0
3022,-74.0
3023,-73.0
3024,-72.0
3025,-73.0
3026,-73.0
3027,-64.0
3028,-56.0
3029,-43.0
3030,-37.0
3031,-22.0
3032,-21.0
3033,-23.0
3034,-16.0
3035,-21.0
3036,-15.0
3037,-1.0
3038,-27.0
3039,-27.0
3040,-27.0
3041,-61.0
3042,-35.0
3043,-37.0
3044,-26.0
3045,-15.0
3046,-21.0
3047,72.0
3048,131.0
3049,113.0
3050,153.0
3051,93.0
3052,102.0
3053,93.0
3054,114.0
3055,136.0
3056,158.0
3057,154.0
3058,145.0
3059,138.0
3060,140.0
3061,142.0
3062,139.0
3063,136.0
3064,147.0
3065,152.0
3066,151.0
3067,152.0
3068,154.0
3069,149.0
3070,151.0
3071,152.0
3072,160.0
3073,160.0
3074,161.0
3075,164.0
3076,163.0
3077,160.0
3078,164.0
3079,166.0
3080,102.0
3081,143.0
3082,156.0
3083,154.0
3084,70.0
3085,70.0
3086,70.0
3087,70.0
3088,70.0
3089,70.0
3090,70.0
3091,70.0
3092,70.0
3093,70.0
3094,70.0
3095,-52.0
3096,-55.0
3097,-48.0
3098,-17.0
3099,-86.0
3100,-65.0
3101,-39.0
3102,-51.0
3103,-29.0
3104,-29.0
3105,-29.0
3106,-29.0
3107,-29.0
3108,-55.0
3109,-62.0
3110,-86.0
3111,-72.0
3112,-68.0
3113,-54.0
3114,-37.0
3115,-35.0
3116,-35.0
3117,-44.0
3118,-58.0
3119,-80.0
3120,-77.0
3121,-96.0
3122,-23.0
3123,-23.0
3124,-23.0
3125,-23.0
3126,-23.0
3127,-23.0
3128,-23.0
3129,-23.0
3130,-23.0
3131,-23.0
3132,-23.0
3133,-23.0
3134,-23.0
3135,-23.0
3136,-23.0
3137,-23.0
3138,-23.0
3139,-23.0
3140,-23.0
3141,-23.0
3142,-23.0
3143,-23.0
3144,-23.0
3145,-23.0
3146,9.0
3147,66.0
3148,79.0
3149,62.0
3150,55.0
3151,51.0
3152,102.0
3153,5.0
3154,49.0
3155,49.0
3156,33.0
3157,67.0
3158,98.0
3159,118.0
3160,107.0
3161,65.0
3162,144.0
3163,146.0
3164,73.0
3165,73.0
3166,73.0
3167,17.0
3168,24.0
3169,96.0
3170,149.0
3171,161.0
3172,150.0
3173,138.0
3174,129.0
3175,149.0
3176,139.0
3177,134.0
3178,140.0
3179,140.0
3180,71.0
3181,80.0
3182,47.0
3183,32.0
3184,27.0
3185,153.0
3186,119.0
3187,111.0
3188,111.0
3189,115.0
3190,126.0
3191,144.0
3192,121.0
3193,121.0
3194,121.0
3195,121.0
3196,121.0
3197,121.0
3198,121.0
3199,121.0
3200,121.0
3201,121.0
3202,121.0
3203,134.0
3204,124.0
3205,171.0
3206,153.0
3207,135.0
3208,151.0
3209,57.0
3210,128.0
3211,128.0
3212,20.0
3213,128.0
3214,122.0
3215,74.0
3216,117.0
3217,96.0
3218,153.0
3219,158.0
3220,33.0
3221,67.0
3222,10.0
3223,103.0
3224,103.0
3225,103.0
3226,51.0
3227,105.0
3228,110.0
3229,99.0
3230,147.0
3231,113.0
3232,167.0
3233,169.0
3234,163.0
3235,169.0
3236,177.0
3237,106.0
3238,106.0
3239,10.0
3240,104.0
3241,123.0
3242,82.0
3243,98.0
3244,105.0
3245,100.0
3246,132.0
3247,156.0
3248,146.0
3249,161.0
3250,157.0
3251,158.0
3252,157.0
3253,157.0
3254,144.0
3255,108.0
3256,103.0
3257,162.0
3258,136.0
3259,80.0
3260,106.0
3261,106.0
3262,133.0
3263,164.0
3264,86.0
3265,137.0
3266,135.0
3267,137.0
3268,137.0
3269,142.0
3270,-7.0
3271,-19.0
3272,-5.0
3273,-47.0
3274,-38.0
3275,-46.0
3276,-46.0
3277,-30.0
3278,-45.0
3279,-43.0
3280,-78.0
3281,-78.0
3282,-47.0
3283,-47.0
3284,-49.0
3285,-39.0
3286,-87.0
3287,-97.0
3288,-79.0
3289,-6.0
3290,-43.0
3291,-43.0
3292,-43.0
3293,-43.0
3294,-43.0
3295,-43.0
3296,-43.0
3297,-43.0
3298,-65.0
3299,-61.0
3300,-53.0
3301,-43.0
3302,-30.0
3303,-26.0
3304,-22.0
3305,-34.0
3306,-24.0
3307,-55.0
3308,-60.0
3309,-78.0
3310,-97.0
3311,-36.0
3312,-48.0
3313,-79.0
3314,-92.0
3315,-70.0
3316,-48.0
3317,-50.0
3318,-43.0
3319,-41.0
3320,-38.0
3321,-51.0
3322,-49.0
3323,-58.0
3324,-44.0
3325,-40.0
3326,-27.0
3327,-30.0
3328,-15.0
3329,-17.0
3330,-9.0
3331,-39.0
3332,-39.0
3333,-39.0
3334,-39.0
3335,-39.0
3336,-39.0
3337,-39.0
3338,-39.0
3339,-39.0
3340,-39.0
3341,-39.0
3342,-39.0
3343,-30.0
3344,-48.0
3345,-35.0
3346,-36.0
3347,-28.0
3348,-47.0
3349,-29.0
3350,-24.0
3351,-38.0
3352,-36.0
3353,-37.0
3354,-23.0
3355,-18.0
3356,-14.0
3357,-20.0
3358,-11.0
3359,-22.0
3360,-4.0
3361,-3.0
3362,-11.0
3363,-18.0
3364,-21.0
3365,-26.0
3366,-29.0
3367,-46.0
3368,-38.0
3369,-42.0
3370,-53.0
3371,-67.0
3372,-66.0
3373,-26.0
3374,-59.0
3375,-49.0
3376,-57.0
3377,-70.0
3378,-69.0
3379,-68.0
3380,-62.0
3381,-51.0
3382,-26.0
3383,-15.0
3384,-20.0
3385,-1.0
3386,-1.0
3387,-1.0
3388,-0.0
3389,-24.0
3390,-18.0
3391,-21.0
3392,-15.0
3393,-22.0
3394,-29.0
3395,-38.0
3396,-73.0
3397,-41.0
3398,-40.0
3399,-41.0
3400,-42.0
3401,-37.0
3402,-31.0
3403,-36.0
3404,-52.0
3405,-36.0
3406,-18.0
3407,-17.0
3408,-27.0
3409,-15.0
3410,-8.0
3411,-12.0
3412,-7.0
3413,19.0
3414,15.0
3415,3.0
3416,22.0
3417,24.0
3418,7.0
3419,-25.0
3420,-43.0
3421,-42.0
3422,-39.0
3423,-46.0
3424,-8.0
3425,-34.0
3426,-51.0
3427,-23.0
3428,55.0
3429,142.0
3430,137.0
3431,130.0
3432,127.0
3433,128.0
3434,129.0
3435,115.0
3436,128.0
3437,121.0
3438,132.0
3439,124.0
3440,124.0
3441,27.0
3442,164.0
3443,164.0
3444,53.0
3445,60.0
3446,27.0
3447,66.0
3448,99.0
3449,120.0
3450,120.0
3451,120.0
3452,120.0
3453,120.0
3454,120.0
3455,120.0
3456,120.0
3457,120.0
3458,120.0
3459,120.0
3460,120.0
3461,120.0
3462,120.0
3463,120.0
3464,120.0
3465,-20.0
3466,-95.0
3467,-117.0
3468,-80.0
3469,-145.0
3470,-165.0
3471,-18.0
3472,-18.0
3473,-18.0
3474,-18.0
3475,-18.0
3476,-18.0
3477,-18.0
3478,84.0
3479,153.0
3480,136.0
3481,144.0
3482,137.0
3483,57.0
3484,131.0
3485,133.0
3486,40.0
3487,34.0
3488,81.0
3489,89.0
3490,116.0
3491,146.0
3492,142.0
3493,131.0
3494,154.0
3495,137.0
3496,126.0
3497,119.0
3498,-61.0
3499,-58.0
3500,-51.0
3501,-47.0
3502,-48.0
3503,-47.0
3504,-45.0
3505,-46.0
3506,-49.0
3507,-49.0
3508,-50.0
3509,-55.0
3510,-45.0
3511,-46.0
3512,-36.0
3513,-29.0
3514,-27.0
3515,-19.0
3516,-16.0
3517,93.0
3518,101.0
3519,128.0
3520,127.0
3521,89.0
3522,83.0
3523,78.0
3524,25.0
3525,37.0
3526,63.0
3527,69.0
3528,80.0
3529,32.0
3530,55.0
3531,89.0
3532,68.0
3533,89.0
3534,37.0
3535,37.0
3536,37.0
3537,-83.0
3538,-85.0
3539,-6.0
3540,-68.0
3541,-46.0
3542,-71.0
3543,-60.0
3544,-64.0
3545,-61.0
3546,-57.0
3547,-43.0
3548,-30.0
3549,-35.0
3550,-31.0
3551,-52.0
3552,-58.0
3553,-76.0
3554,-45.0
3555,-59.0
3556,-78.0
3557,-74.0
3558,-51.0
3559,-56.0
3560,-63.0
3561,-62.0
3562,-37.0
3563,-41.0
3564,-54.0
3565,-79.0
3566,-47.0
3567,-53.0
3568,-74.0
3569,-54.0
3570,-33.0
3571,-66.0
3572,-67.0
3573,-54.0
3574,-24.0
3575,-100.0
3576,-72.0
3577,-65.0
3578,-55.0
3579,-38.0
3580,-44.0
3581,-67.0
3582,-66.0
3583,-27.0
3584,-36.0
3585,-86.0
3586,-82.0
3587,-99.0
3588,-68.0
3589,-34.0
3590,-25.0
3591,-66.0
3592,-64.0
3593,-100.0
3594,-96.0
3595,-83.0
3596,-36.0
3597,-63.0
3598,-80.0
3599,-71.0
3600,-79.0
3601,-74.0
3602,-96.0
3603,-97.0
3604,-90.0
3605,-63.0
3606,-11.0
3607,-21.0
3608,-5.0
3609,-5.0
3610,-5.0
3611,-5.0
3612,-5.0
3613,-5.0
3614,
3615,-5.0
3616,-37.0
3617,-17.0
3618,-27.0
3619,-101.0
3620,-88.0
3621,-81.0
3622,-82.0
3623,-82.0
3624,
3625,
3626,
3627,
3628,
3629,
3630,
3631,
3632,
3633,
3634,
3635,-45.0
3636,-67.0
3637,-78.0
3638,-62.0
3639,-39.0
3640,-26.0
3641,-80.0
3642,
3643,
3644,
3645,
3646,
3647,
3648,
3649,
3650,-24.0
3651,-55.0
3652,-92.0
3653,-88.0
3654,-99.0
3655,-80.0
3656,-77.0
3657,-82.0
3658,-69.0
3659,-18.0
3660,-49.0
3661,-75.0
3662,-68.0
3663,-57.0
3664,-119.0
3665,-92.0
3666,-83.0
3667,-81.0
3668,-62.0
3669,-95.0
3670,-57.0
3671,
3672,-45.0
3673,-50.0
3674,-82.0
3675,-57.0
3676,-52.0
3677,-80.0
3678,-74.0
3679,-31.0
3680,-44.0
3681,-58.0
3682,-50.0
3683,-44.0
3684,-73.0
3685,-114.0
3686,-84.0
3687,-79.0
3688,-83.0
3689,-81.0
3690,-114.0
3691,-106.0
3692,-95.0
3693,-113.0
3694,-118.0
3695,-117.0
3696,-69.0
3697,-24.0
3698,-76.0
3699,-84.0
3700,-46.0
3701,
3702,
3703,-32.0
3704,-20.0
3705,-22.0
3706,-1.0
3707,-30.0
3708,-36.0
3709,-18.0
3710,
3711,-16.0
3712,-53.0
3713,-50.0
3714,-62.0
3715,-60.0
3716,-79.0
3717,-70.0
3718,-63.0
3719,-65.0
3720,-27.0
3721,-28.0
3722,-53.0
3723,-63.0
3724,-81.0
3725,-120.0
3726,-91.0
3727,-116.0
3728,-103.0
3729,-81.0
3730,-91.0
3731,-117.0
3732,-117.0
3733,-143.0
3734,-127.0
3735,-98.0
3736,-96.0
3737,-121.0
3738,-123.0
3739,-90.0
3740,-87.0
3741,-88.0
3742,-73.0
3743,-64.0
3744,-55.0
3745,-80.0
3746,-73.0
3747,-73.0
3748,-86.0
3749,
3750,-50.0
3751,-64.0
3752,-64.0
3753,-64.0
3754,-66.0
3755,-69.0
3756,-72.0
3757,-58.0
3758,-29.0
3759,-44.0
3760,-51.0
3761,-72.0
3762,-101.0
3763,-94.0
3764,-65.0
3765,-52.0
3766,-72.0
3767,-48.0
3768,-79.0
3769,-52.0
3770,-50.0
3771,-34.0
3772,40.0
3773,130.0
3774,116.0
3775,111.0
3776,144.0
3777,127.0
3778,116.0
3779,83.0
3780,
3781,
3782,
3783,
3784,
3785,
3786,
3787,12.0
3788,135.0
3789,126.0
3790,115.0
3791,110.0
3792,104.0
3793,132.0
3794,146.0
3795,142.0
3796,136.0
3797,127.0
3798,131.0
3799,87.0
3800,142.0
3801,125.0
3802,140.0
3803,138.0
3804,78.0
3805,119.0
3806,
3807,
3808,
3809,
3810,13.0
3811,121.0
3812,86.0
3813,108.0
3814,134.0
3815,121.0
3816,101.0
3817,
3818,
3819,
3820,
3821,
3822,
3823,
3824,
3825,
3826,
3827,
3828,
3829,
3830,
3831,104.0
3832,126.0
3833,147.0
3834,71.0
3835,61.0
3836,141.0
3837,97.0
3838,121.0
3839,56.0
3840,
3841,
3842,
3843,
3844,
3845,
3846,
3847,
3848,
3849,
3850,
3851,
3852,
3853,
3854,
3855,
3856,117.0
3857,108.0
3858,93.0
3859,103.0
3860,87.0
3861,90.0
3862,56.0
3863,
3864,79.0
3865,97.0
3866,132.0
3867,126.0
3868,31.0
3869,86.0
3870,107.0
3871,131.0
3872,53.0
3873,120.0
3874,133.0
3875,132.0
3876,97.0
3877,
3878,
3879,75.0
3880,36.0
3881,121.0
3882,119.0
3883,149.0
3884,154.0
3885,109.0
3886,146.0
3887,100.0
3888,128.0
3889,123.0
3890,75.0
3891,39.0
3892,17.0
3893,34.0
3894,19.0
3895,14.0
3896,16.0
3897,9.0
3898,2.0
3899,5.0
3900,
3901,
3902,
3903,
3904,
3905,-10.0
3906,-108.0
3907,-99.0
3908,-81.0
3909,-30.0
3910,-21.0
3911,-34.0
3912,-71.0
3913,-29.0
3914,-20.0
3915,-60.0
3916,-65.0
3917,-77.0
3918,-44.0
3919,-91.0
3920,-40.0
3921,-102.0
3922,-90.0
3923,-85.0
3924,-60.0
3925,-73.0
3926,-56.0
3927,-32.0
3928,-54.0
3929,-54.0
3930,-33.0
3931,-21.0
3932,-6.0
3933,-3.0
3934,-12.0
3935,-57.0
3936,
3937,
3938,-152.0
3939,-143.0
3940,-124.0
3941,-73.0
3942,-79.0
3943,-32.0
3944,-115.0
3945,-100.0
3946,-41.0
3947,
3948,
3949,
3950,-22.0
3951,-34.0
3952,-24.0
3953,-50.0
3954,-39.0
3955,-38.0
3956,-56.0
3957,-51.0
3958,-51.0
3959,
3960,
3961,
3962,
3963,
3964,3.0
3965,23.0
3966,15.0
3967,27.0
3968,24.0
3969,36.0
3970,27.0
3971,1.0
3972,
3973,
3974,
3975,
3976,
3977,-1.0
3978,-112.0
3979,-124.0
3980,-92.0
3981,-68.0
3982,-69.0
3983,-49.0
3984,-74.0
3985,-57.0
3986,-82.0
3987,-74.0
3988,-78.0
3989,-83.0
3990,-78.0
3991,-73.0
3992,-53.0
3993,-72.0
3994,-63.0
3995,-71.0
3996,-56.0
3997,-45.0
3998,-45.0
3999,-50.0
4000,
4001,
4002,-59.0
4003,-56.0
4004,-76.0
4005,-93.0
4006,-87.0
4007,-90.0
4008,-73.0
4009,-50.0
4010,-61.0
4011,-52.0
4012,-84.0
4013,-67.0
4014,-103.0
4015,-91.0
4016,-118.0
4017,-113.0
4018,-107.0
4019,-104.0
4020,-115.0
4021,-91.0
4022,-96.0
4023,-73.0
4024,
4025,-75.0
4026,-75.0
4027,-66.0
4028,-62.0
4029,-79.0
4030,-48.0
4031,-45.0
4032,-31.0
4033,1.0
4034,51.0
4035,63.0
4036,60.0
4037,65.0
4038,47.0
4039,37.0
4040,39.0
4041,34.0
4042,25.0
4043,28.0
4044,47.0
4045,
4046,
4047,
4048,-5.0
4049,-6.0
4050,-32.0
4051,-42.0
4052,-73.0
4053,-80.0
4054,-89.0
4055,-69.0
4056,-33.0
4057,-2.0
4058,-16.0
4059,-3.0
4060,-7.0
4061,
4062,
4063,-30.0
4064,-47.0
4065,-58.0
4066,-46.0
4067,-38.0
4068,-55.0
4069,-61.0
4070,-44.0
4071,-47.0
4072,-67.0
4073,-74.0
4074,-59.0
4075,-43.0
4076,-49.0
4077,-55.0
4078,-54.0
4079,-72.0
4080,-36.0
4081,-33.0
4082,-18.0
4083,-29.0
4084,-39.0
4085,-75.0
4086,-34.0
4087,-39.0
4088,-66.0
4089,-36.0
4090,-20.0
4091,-31.0
4092,-26.0
4093,-25.0
4094,-25.0
4095,-23.0
4096,-24.0
4097,-24.0
4098,-28.0
4099,-54.0
4100,-73.0
4101,-90.0
4102,-86.0
4103,-89.0
4104,-107.0
4105,-41.0
4106,-40.0
4107,-44.0
4108,-33.0
4109,-14.0
4110,-6.0
4111,-16.0
4112,-15.0
4113,-14.0
4114,-13.0
4115,
4116,
4117,
4118,
4119,
4120,
4121,
4122,
4123,
4124,
4125,
4126,
4127,-49.0
4128,-42.0
4129,-43.0
4130,-42.0
4131,-43.0
4132,-40.0
4133,-39.0
4134,-33.0
4135,-48.0
4136,-56.0
4137,-75.0
4138,-43.0
4139,-4.0
4140,-18.0
4141,-23.0
4142,-18.0
4143,35.0
4144,40.0
4145,73.0
4146,73.0
4147,61.0
4148,105.0
4149,-7.0
4150,-64.0
4151,-20.0
4152,-66.0
4153,-110.0
4154,-77.0
4155,-95.0
4156,-128.0
4157,-157.0
4158,-142.0
4159,-50.0
4160,-107.0
4161,-106.0
4162,-160.0
4163,-147.0
4164,-138.0
4165,-138.0
4166,-91.0
4167,-138.0
4168,-101.0
4169,-118.0
4170,-125.0
4171,-94.0
4172,-95.0
4173,-127.0
4174,-120.0
4175,-125.0
4176,-119.0
4177,-18.0
4178,59.0
4179,53.0
4180,15.0
4181,46.0
4182,34.0
4183,40.0
4184,
4185,
4186,
4187,
4188,-13.0
4189,-29.0
4190,-29.0
4191,-41.0
4192,-47.0
4193,-37.0
4194,-23.0
4195,-33.0
4196,-31.0
4197,-24.0
4198,-28.0
4199,-23.0
4200,-6.0
4201,-4.0
4202,-31.0
4203,-90.0
4204,-39.0
4205,-40.0
4206,-24.0
4207,-56.0
4208,-91.0
4209,
4210,
4211,77.0
4212,68.0
4213,38.0
4214,91.0
4215,31.0
4216,15.0
4217,35.0
4218,106.0
4219,79.0
4220,
4221,
4222,
4223,
4224,
4225,
4226,
4227,-143.0
4228,-167.0
4229,-156.0
4230,-150.0
4231,-154.0
4232,-0.0
4233,115.0
4234,55.0
4235,24.0
4236,8.0
4237,6.0
4238,8.0
4239,-12.0
4240,-5.0
4241,-5.0
4242,-5.0
4243,-2.0
4244,-3.0
4245,
4246,
4247,
4248,
4249,-4.0
4250,-21.0
4251,-34.0
4252,-15.0
4253,-24.0
4254,-36.0
4255,-8.0
4256,
4257,
4258,-14.0
4259,-26.0
4260,-35.0
4261,-30.0
4262,-41.0
4263,-50.0
4264,
4265,-26.0
4266,-60.0
4267,-38.0
4268,-29.0
4269,-15.0
4270,-91.0
4271,-133.0
4272,-125.0
4273,
4274,
4275,
4276,
4277,
4278,
4279,
4280,
4281,
4282,
4283,
4284,
4285,
4286,
4287,
4288,
4289,
4290,
4291,
4292,
4293,
4294,
4295,
4296,
4297,36.0
4298,42.0
4299,61.0
4300,75.0
4301,96.0
4302,80.0
4303,76.0
4304,100.0
4305,56.0
4306,-60.0
4307,-76.0
4308,-17.0
4309,-78.0
4310,-79.0
4311,-70.0
4312,-63.0
4313,-58.0
4314,-46.0
4315,-62.0
4316,-46.0
4317,-92.0
4318,-86.0
4319,-93.0
4320,-61.0
4321,-67.0
4322,-86.0
4323,-70.0
4324,-52.0
4325,-64.0
4326,-38.0
4327,-65.0
4328,-59.0
4329,-46.0
4330,-31.0
4331,-40.0
4332,-40.0
4333,-56.0
4334,-52.0
4335,-42.0
4336,132.0
4337,108.0
4338,118.0
4339,104.0
4340,69.0
4341,78.0
4342,88.0
4343,-85.0
4344,-19.0
4345,-87.0
4346,-58.0
4347,-3.0
4348,-52.0
4349,-91.0
4350,-70.0
4351,-78.0
4352,-62.0
4353,-28.0
4354,-27.0
4355,-32.0
4356,
4357,-47.0
4358,-60.0
4359,-43.0
4360,-39.0
4361,-23.0
4362,-21.0
4363,-30.0
4364,-44.0
4365,-63.0
4366,-44.0
4367,-44.0
4368,-34.0
4369,-22.0
4370,-23.0
4371,-24.0
4372,-32.0
4373,-34.0
4374,-32.0
4375,-16.0
4376,-15.0
4377,-22.0
4378,-18.0
4379,-14.0
4380,-24.0
4381,-32.0
4382,-39.0
4383,-26.0
4384,-17.0
4385,-24.0
4386,-30.0
4387,-39.0
4388,-38.0
4389,-38.0
4390,-30.0
4391,-59.0
4392,-61.0
4393,-13.0
4394,-17.0
4395,-25.0
4396,-35.0
4397,-24.0
4398,-33.0
4399,-30.0
4400,-72.0
4401,-71.0
4402,-55.0
4403,-79.0
4404,-64.0
4405,-57.0
4406,-46.0
4407,-20.0
4408,-21.0
4409,-104.0
4410,-90.0
4411,-86.0
4412,73.0
4413,124.0
4414,114.0
4415,69.0
4416,67.0
4417,109.0
4418,21.0
4419,113.0
4420,119.0
4421,129.0
4422,129.0
4423,111.0
4424,
4425,
4426,
4427,
4428,
4429,
4430,
4431,
4432,
4433,72.0
4434,121.0
4435,123.0
4436,117.0
4437,60.0
4438,137.0
4439,134.0
4440,114.0
4441,128.0
4442,110.0
4443,138.0
4444,110.0
4445,137.0
4446,129.0
4447,123.0
4448,130.0
4449,141.0
4450,97.0
4451,145.0
4452,147.0
4453,152.0
4454,135.0
4455,134.0
4456,121.0
4457,133.0
4458,140.0
4459,153.0
4460,150.0
4461,28.0
4462,122.0
4463,47.0
4464,148.0
4465,115.0
4466,112.0
4467,79.0
4468,137.0
4469,159.0
4470,139.0
4471,115.0
4472,79.0
4473,119.0
4474,126.0
4475,144.0
4476,142.0
4477,130.0
4478,136.0
4479,136.0
4480,106.0
4481,74.0
4482,85.0
4483,99.0
4484,37.0
4485,97.0
4486,154.0
4487,110.0
4488,108.0
4489,87.0
4490,115.0
4491,150.0
4492,138.0
4493,139.0
4494,138.0
4495,99.0
4496,112.0
4497,127.0
4498,132.0
4499,135.0
4500,115.0
4501,109.0
4502,130.0
4503,131.0
4504,147.0
4505,158.0
4506,155.0
4507,129.0
4508,118.0
4509,149.0
4510,146.0
4511,145.0
4512,151.0
4513,145.0
4514,152.0
4515,118.0
4516,119.0
4517,142.0
4518,139.0
4519,138.0
4520,121.0
4521,122.0
4522,106.0
4523,101.0
4524,121.0
4525,110.0
4526,111.0
4527,106.0
4528,91.0
4529,47.0
4530,82.0
4531,86.0
4532,71.0
4533,79.0
4534,119.0
4535,139.0
4536,154.0
4537,123.0
4538,
4539,
4540,
4541,
4542,
4543,
4544,
4545,
4546,169.0
4547,148.0
4548,131.0
4549,119.0
4550,100.0
4551,61.0
4552,142.0
4553,150.0
4554,128.0
4555,128.0
4556,51.0
4557,108.0
4558,141.0
4559,144.0
4560,145.0
4561,31.0
4562,82.0
4563,170.0
4564,161.0
4565,144.0
4566,153.0
4567,10.0
4568,
4569,154.0
4570,168.0
4571,158.0
4572,153.0
4573,158.0
4574,155.0
4575,151.0
4576,162.0
4577,165.0
4578,151.0
4579,153.0
4580,140.0
4581,130.0
4582,139.0
4583,83.0
4584,20.0
4585,-44.0
4586,-38.0
4587,-10.0
4588,-62.0
4589,-50.0
4590,-63.0
4591,-45.0
4592,-36.0
4593,-27.0
4594,-2.0
4595,-62.0
4596,-12.0
4597,-43.0
4598,-28.0
4599,-79.0
4600,-58.0
4601,-53.0
4602,-57.0
4603,-44.0
4604,-35.0
4605,-59.0
4606,
4607,-56.0
4608,-46.0
4609,-44.0
4610,-43.0
4611,-20.0
4612,-4.0
4613,-34.0
4614,-27.0
4615,-32.0
4616,-41.0
4617,-8.0
4618,-12.0
4619,-6.0
4620,-17.0
4621,-10.0
4622,-11.0
4623,-21.0
4624,-17.0
4625,-6.0
4626,
4627,
4628,-20.0
4629,-7.0
4630,-59.0
4631,-55.0
4632,-18.0
4633,-21.0
4634,-83.0
4635,-83.0
4636,-93.0
4637,-49.0
4638,-77.0
4639,-82.0
4640,-89.0
4641,-74.0
4642,-30.0
4643,-33.0
4644,8.0
4645,2.0
4646,17.0
4647,37.0
4648,18.0
4649,17.0
4650,
4651,
4652,21.0
4653,17.0
4654,28.0
4655,41.0
4656,42.0
4657,36.0
4658,43.0
4659,45.0
4660,54.0
4661,40.0
4662,37.0
4663,41.0
4664,48.0
4665,41.0
4666,40.0
4667,37.0
4668,4.0
4669,23.0
4670,44.0
4671,33.0
4672,21.0
4673,3.0
4674,30.0
4675,-23.0
4676,-71.0
4677,-10.0
4678,-30.0
4679,-65.0
4680,-71.0
4681,-25.0
4682,-41.0
4683,-47.0
4684,-53.0
4685,-56.0
4686,-34.0
4687,-63.0
4688,-54.0
4689,-60.0
4690,-34.0
4691,
4692,
4693,
4694,
4695,
4696,-13.0
4697,-40.0
4698,-31.0
4699,-44.0
4700,-36.0
4701,-9.0
4702,-14.0
4703,
4704,-6.0
4705,-85.0
4706,-11.0
4707,-17.0
4708,-32.0
4709,-72.0
4710,-17.0
4711,-52.0
4712,-35.0
4713,
4714,-51.0
4715,-41.0
4716,-25.0
4717,-55.0
4718,-72.0
4719,-42.0
4720,-100.0
4721,-91.0
4722,-39.0
4723,-73.0
4724,-86.0
4725,-65.0
4726,-23.0
4727,-35.0
4728,-56.0
4729,-54.0
4730,-69.0
4731,-88.0
4732,-102.0
4733,-103.0
4734,-81.0
4735,-76.0
4736,-69.0
4737,-85.0
4738,-82.0
4739,-31.0
4740,-71.0
4741,-86.0
4742,-94.0
4743,-69.0
4744,-83.0
4745,-92.0
4746,
4747,
4748,-75.0
4749,-102.0
4750,-63.0
4751,-72.0
4752,-75.0
4753,-117.0
4754,-110.0
4755,-100.0
4756,-70.0
4757,-79.0
4758,-66.0
4759,-65.0
4760,-118.0
4761,-100.0
4762,-96.0
4763,-95.0
4764,-38.0
4765,
4766,
4767,
4768,
4769,
4770,
4771,
4772,-10.0
4773,-33.0
4774,-88.0
4775,-85.0
4776,-103.0
4777,-76.0
4778,-33.0
4779,-10.0
4780,-22.0
4781,-37.0
4782,-50.0
4783,
4784,-46.0
4785,-77.0
4786,-63.0
4787,-62.0
4788,-59.0
4789,-21.0
4790,-42.0
4791,-37.0
4792,-40.0
4793,-56.0
4794,-70.0
4795,-72.0
4796,-113.0
4797,-82.0
4798,-88.0
4799,-94.0
4800,-59.0
4801,-54.0
4802,-59.0
4803,-53.0
4804,-59.0
4805,-71.0
4806,-80.0
4807,-77.0
4808,-47.0
4809,-75.0
4810,-67.0
4811,-63.0
4812,-74.0
4813,-35.0
4814,-26.0
4815,-13.0
4816,-11.0
4817,-22.0
4818,-14.0
4819,-1.0
4820,
4821,
4822,
4823,
4824,
4825,
4826,
4827,
4828,
4829,-28.0
4830,-26.0
4831,-64.0
4832,-46.0
4833,-49.0
4834,-61.0
4835,-54.0
4836,-50.0
4837,-27.0
4838,-11.0
4839,-49.0
4840,-41.0
4841,-37.0
4842,-28.0
4843,-48.0
4844,-58.0
4845,-38.0
4846,-31.0
4847,-81.0
4848,
4849,
4850,-23.0
4851,-67.0
4852,-47.0
4853,-51.0
4854,-43.0
4855,-49.0
4856,-63.0
4857,-71.0
4858,-67.0
4859,-65.0
4860,-63.0
4861,-26.0
4862,
4863,
4864,
4865,
4866,
4867,
4868,
4869,-19.0
4870,-37.0
4871,-45.0
4872,-58.0
4873,-33.0
4874,-52.0
4875,-69.0
4876,-40.0
4877,-21.0
4878,-36.0
4879,-81.0
4880,-6.0
4881,-1.0
4882,-46.0
4883,-60.0
4884,-34.0
4885,
4886,-17.0
4887,-55.0
4888,-56.0
4889,-56.0
4890,-59.0
4891,-41.0
4892,-58.0
4893,-35.0
4894,-46.0
4895,-45.0
4896,-48.0
4897,-16.0
4898,-22.0
4899,-50.0
4900,-22.0
4901,-40.0
4902,-41.0
4903,-36.0
4904,-31.0
4905,
4906,
4907,-11.0
4908,-34.0
4909,-69.0
4910,-58.0
4911,-64.0
4912,-53.0
4913,-47.0
4914,-60.0
4915,-49.0
4916,-64.0
4917,-33.0
4918,-57.0
4919,-45.0
4920,-50.0
4921,-78.0
4922,-93.0
4923,-51.0
4924,-41.0
4925,-40.0
4926,-3.0
4927,-33.0
4928,-32.0
4929,-22.0
4930,-19.0
4931,-36.0
4932,
4933,
4934,
4935,
4936,
4937,
4938,
4939,
4940,-49.0
4941,-69.0
4942,-79.0
4943,-75.0
4944,-103.0
4945,-83.0
4946,-69.0
4947,-60.0
4948,-66.0
4949,-66.0
4950,-64.0
4951,-56.0
4952,-53.0
4953,-53.0
4954,-27.0
4955,-35.0
4956,-51.0
4957,-66.0
4958,-58.0
4959,-49.0
4960,-43.0
4961,-43.0
4962,-38.0
4963,-54.0
4964,-63.0
4965,-73.0
4966,-73.0
4967,
4968,-2.0
4969,-13.0
4970,-41.0
4971,-32.0
4972,-18.0
4973,-33.0
4974,-62.0
4975,-60.0
4976,-107.0
4977,-104.0
4978,-33.0
4979,-69.0
4980,-111.0
4981,-89.0
4982,-68.0
4983,-40.0
4984,-81.0
4985,-48.0
4986,
4987,
4988,
4989,
4990,
4991,
4992,
4993,
4994,
4995,
4996,
4997,
4998,-91.0
4999,-90.0
5000,-96.0
5001,-67.0
5002,-62.0
5003,-1.0
5004,-8.0
5005,-6.0
5006,-40.0
5007,-11.0
5008,
5009,
5010,
5011,-16.0
5012,-18.0
5013,-30.0
5014,-65.0
5015,-45.0
5016,-116.0
5017,-115.0
5018,-96.0
5019,-92.0
5020,-27.0
5021,-55.0
5022,-80.0
5023,-7.0
5024,-73.0
5025,
5026,-60.0
5027,-143.0
5028,-109.0
5029,-44.0
5030,-31.0
5031,-35.0
5032,-20.0
5033,-59.0
5034,-110.0
5035,-97.0
5036,-73.0
5037,-81.0
5038,-93.0
5039,-88.0
5040,-72.0
5041,-36.0
5042,-68.0
5043,-4.0
5044,-6.0
5045,-27.0
5046,-10.0
5047,-68.0
5048,
5049,-91.0
5050,-134.0
5051,-62.0
5052,-54.0
5053,-74.0
5054,-85.0
5055,-7.0
5056,81.0
5057,117.0
5058,96.0
5059,129.0
5060,102.0
5061,79.0
5062,138.0
5063,137.0
5064,92.0
5065,
5066,
5067,
5068,140.0
5069,122.0
5070,108.0
5071,117.0
5072,122.0
5073,134.0
5074,131.0
5075,121.0
5076,
5077,93.0
5078,67.0
5079,118.0
5080,129.0
5081,87.0
5082,128.0
5083,114.0
5084,107.0
5085,135.0
5086,137.0
5087,161.0
5088,157.0
5089,135.0
5090,130.0
5091,60.0
5092,113.0
5093,115.0
5094,119.0
5095,119.0
5096,140.0
5097,61.0
5098,94.0
5099,125.0
5100,
5101,
5102,
5103,
5104,
5105,
5106,118.0
5107,153.0
5108,135.0
5109,152.0
5110,90.0
5111,68.0
5112,132.0
5113,125.0
5114,136.0
5115,124.0
5116,129.0
5117,120.0
5118,138.0
5119,132.0
5120,117.0
5121,133.0
5122,99.0
5123,75.0
5124,80.0
5125,79.0
5126,140.0
5127,117.0
5128,131.0
5129,71.0
5130,127.0
5131,120.0
5132,116.0
5133,144.0
5134,113.0
5135,143.0
5136,152.0
5137,106.0
5138,135.0
5139,109.0
5140,80.0
5141,85.0
5142,
5143,89.0
5144,102.0
5145,109.0
5146,88.0
5147,97.0
5148,81.0
5149,
5150,
5151,19.0
5152,121.0
5153,83.0
5154,14.0
5155,17.0
5156,44.0
5157,128.0
5158,112.0
5159,107.0
5160,108.0
5161,97.0
5162,95.0
5163,101.0
5164,101.0
5165,89.0
5166,59.0
5167,121.0
5168,169.0
5169,53.0
5170,14.0
5171,
5172,126.0
5173,129.0
5174,131.0
5175,112.0
5176,134.0
5177,114.0
5178,88.0
5179,109.0
5180,126.0
5181,118.0
5182,115.0
5183,84.0
5184,98.0
5185,110.0
5186,102.0
5187,109.0
5188,112.0
5189,109.0
5190,132.0
5191,148.0
5192,43.0
5193,
5194,34.0
5195,52.0
5196,111.0
5197,90.0
5198,91.0
5199,71.0
5200,54.0
5201,15.0
5202,95.0
5203,
5204,
5205,
5206,
5207,
5208,14.0
5209,111.0
5210,129.0
5211,117.0
5212,120.0
5213,68.0
5214,108.0
5215,104.0
5216,34.0
5217,-48.0
5218,-42.0
5219,-48.0
5220,-54.0
5221,-57.0
5222,-49.0
5223,-58.0
5224,-57.0
5225,-48.0
5226,-34.0
5227,-55.0
5228,-49.0
5229,-44.0
5230,-59.0
5231,-72.0
5232,-70.0
5233,-83.0
5234,-62.0
5235,-65.0
5236,-49.0
5237,-59.0
5238,-39.0
5239,-54.0
5240,-60.0
5241,-34.0
5242,-8.0
5243,-24.0
5244,-42.0
5245,-37.0
5246,-42.0
5247,-77.0
5248,-67.0
5249,-38.0
5250,
5251,
5252,-1.0
5253,-28.0
5254,-32.0
5255,-39.0
5256,-35.0
5257,-19.0
5258,-24.0
5259,-20.0
5260,-45.0
5261,-60.0
5262,-46.0
5263,-45.0
5264,-37.0
5265,-71.0
5266,-60.0
5267,-69.0
5268,-85.0
5269,-80.0
5270,-48.0
5271,-49.0
5272,-63.0
5273,-11.0
5274,-21.0
5275,-43.0
5276,-10.0
5277,
5278,-3.0
5279,-26.0
5280,-56.0
5281,-25.0
5282,-46.0
5283,-32.0
5284,-39.0
5285,-27.0
5286,-74.0
5287,-46.0
5288,-37.0
5289,-38.0
5290,-67.0
5291,-73.0
5292,-68.0
5293,
5294,
5295,
5296,
5297,
5298,
5299,
5300,
5301,
5302,
5303,
5304,-5.0
5305,-70.0
5306,-39.0
5307,-57.0
5308,-127.0
5309,-81.0
5310,-147.0
5311,-130.0
5312,-128.0
5313,-126.0
5314,-74.0
5315,-62.0
5316,-82.0
5317,-130.0
5318,-102.0
5319,-41.0
5320,-32.0
5321,-24.0
5322,-45.0
5323,-12.0
5324,
5325,
5326,-61.0
5327,-62.0
5328,-53.0
5329,-18.0
5330,-95.0
5331,-78.0
5332,-98.0
5333,-53.0
5334,-61.0
5335,-64.0
5336,-80.0
5337,-99.0
5338,-108.0
5339,-73.0
5340,-86.0
5341,-93.0
5342,-117.0
5343,
5344,
5345,-155.0
5346,-137.0
5347,-57.0
5348,-52.0
5349,-63.0
5350,-36.0
5351,-49.0
5352,-67.0
5353,-102.0
5354,-51.0
5355,-88.0
5356,-25.0
5357,-70.0
5358,-49.0
5359,-72.0
5360,-39.0
5361,-14.0
5362,-14.0
5363,-29.0
5364,-48.0
5365,-54.0
5366,-43.0
5367,-92.0
5368,-54.0
5369,-62.0
5370,-68.0
5371,-75.0
5372,-72.0
5373,-63.0
5374,-1.0
5375,105.0
5376,114.0
5377,106.0
5378,124.0
5379,27.0
5380,10.0
5381,8.0
5382,18.0
5383,58.0
5384,9.0
5385,24.0
5386,18.0
5387,-9.0
5388,-24.0
5389,-54.0
5390,-50.0
5391,-48.0
5392,-50.0
5393,-37.0
5394,-10.0
5395,-20.0
5396,-20.0
5397,-30.0
5398,-26.0
5399,-33.0
5400,-23.0
5401,-9.0
5402,-22.0
5403,-13.0
5404,-11.0
5405,-3.0
5406,-2.0
5407,-0.0
5408,-7.0
5409,-7.0
5410,-11.0
5411,-10.0
5412,-14.0
5413,-15.0
5414,-19.0
5415,-9.0
5416,-20.0
5417,-18.0
5418,-12.0
5419,-55.0
5420,-97.0
5421,-113.0
5422,-101.0
5423,-99.0
5424,-87.0
5425,-94.0
5426,-77.0
5427,-59.0
5428,-56.0
5429,-65.0
5430,-81.0
5431,-69.0
5432,-65.0
5433,-64.0
5434,-95.0
5435,-94.0
5436,-52.0
5437,-75.0
5438,-117.0
5439,
5440,
5441,
5442,
5443,
5444,
5445,
5446,
5447,
5448,
5449,-8.0
5450,-46.0
5451,-79.0
5452,-88.0
5453,-92.0
5454,-98.0
5455,-110.0
5456,-99.0
5457,-47.0
5458,-20.0
5459,-44.0
5460,-35.0
5461,-17.0
5462,-57.0
5463,-76.0
5464,-57.0
5465,-54.0
5466,-64.0
5467,-52.0
5468,-45.0
5469,-37.0
5470,-35.0
5471,-29.0
5472,-44.0
5473,-37.0
5474,
5475,-102.0
5476,-84.0
5477,-38.0
5478,-75.0
5479,-70.0
5480,-52.0
5481,
5482,-32.0
5483,-50.0
5484,-66.0
5485,-17.0
5486,-75.0
5487,-4.0
5488,
5489,
5490,-26.0
5491,-59.0
5492,-48.0
5493,-9.0
5494,-16.0
5495,-16.0
5496,
5497,
5498,
5499,
5500,
5501,
5502,-14.0
5503,-13.0
5504,-14.0
5505,-123.0
5506,-97.0
5507,-52.0
5508,-44.0
5509,-64.0
5510,-21.0
5511,-63.0
5512,-80.0
5513,-71.0
5514,-87.0
5515,-104.0
5516,-65.0
5517,-71.0
5518,-42.0
5519,-33.0
5520,-34.0
5521,-2.0
5522,-60.0
5523,-61.0
5524,-62.0
5525,-56.0
5526,-64.0
5527,-71.0
5528,-89.0
5529,-75.0
5530,-54.0
5531,-55.0
5532,-45.0
5533,-70.0
5534,-70.0
5535,-63.0
5536,-54.0
5537,-58.0
5538,-53.0
5539,-7.0
5540,
5541,-38.0
5542,-76.0
5543,-72.0
5544,-68.0
5545,-46.0
5546,-20.0
5547,-7.0
5548,-79.0
5549,-70.0
5550,-31.0
5551,-4.0
5552,-23.0
5553,-30.0
5554,-39.0
5555,-27.0
5556,-74.0
5557,-89.0
5558,-40.0
5559,-21.0
5560,-12.0
5561,-37.0
5562,-62.0
5563,-55.0
5564,-38.0
5565,-32.0
5566,-81.0
5567,-56.0
5568,-32.0
5569,-43.0
5570,-46.0
5571,-62.0
5572,-23.0
5573,-20.0
5574,-6.0
5575,-28.0
5576,-38.0
5577,-27.0
5578,27.0
5579,48.0
5580,21.0
5581,41.0
5582,4.0
5583,8.0
5584,-35.0
5585,-66.0
5586,-68.0
5587,-42.0
5588,-35.0
5589,-45.0
5590,-40.0
5591,-92.0
5592,-51.0
5593,-38.0
5594,-29.0
5595,-16.0
5596,-2.0
5597,-0.0
5598,-2.0
5599,-13.0
5600,-18.0
5601,-14.0
5602,
5603,
5604,
5605,
5606,-56.0
5607,-25.0
5608,-60.0
5609,-68.0
5610,-83.0
5611,-41.0
5612,-23.0
5613,-43.0
5614,
5615,-13.0
5616,-50.0
5617,-57.0
5618,-52.0
5619,-52.0
5620,-48.0
5621,-31.0
5622,-46.0
5623,-35.0
5624,-3.0
5625,
5626,
5627,
5628,
5629,
5630,
5631,
5632,
5633,
5634,-24.0
5635,-53.0
5636,-29.0
5637,-19.0
5638,-8.0
5639,-39.0
5640,-29.0
5641,-37.0
5642,-30.0
5643,-71.0
5644,-75.0
5645,-69.0
5646,-77.0
5647,-82.0
5648,-113.0
5649,
5650,
5651,
5652,
5653,
5654,
5655,
5656,
5657,-49.0
5658,-48.0
5659,-76.0
5660,-57.0
5661,-18.0
5662,-31.0
5663,
5664,
5665,-26.0
5666,-2.0
5667,-59.0
5668,-27.0
5669,-24.0
5670,-64.0
5671,-87.0
5672,-31.0
5673,-48.0
5674,-84.0
5675,-87.0
5676,-67.0
5677,-80.0
5678,-83.0
5679,-59.0
5680,-65.0
5681,-65.0
5682,-28.0
5683,-38.0
5684,-29.0
5685,-52.0
5686,-52.0
5687,-89.0
5688,-97.0
5689,-88.0
5690,-107.0
5691,-108.0
5692,-102.0
5693,-112.0
5694,-111.0
5695,-99.0
5696,-100.0
5697,-94.0
5698,-94.0
5699,-120.0
5700,-118.0
5701,-106.0
5702,-98.0
5703,-94.0
5704,-99.0
5705,-108.0
5706,-80.0
5707,-85.0
5708,-81.0
5709,-60.0
5710,-55.0
5711,-49.0
5712,-47.0
5713,-39.0
5714,-44.0
5715,-26.0
5716,-6.0
5717,
5718,-88.0
5719,-42.0
5720,-112.0
5721,-108.0
5722,-98.0
5723,-113.0
5724,-109.0
5725,-117.0
5726,-105.0
5727,-99.0
5728,-107.0
5729,-116.0
5730,-29.0
5731,15.0
5732,71.0
5733,100.0
5734,91.0
5735,72.0
5736,79.0
5737,82.0
5738,89.0
5739,97.0
5740,98.0
5741,112.0
5742,122.0
5743,150.0
5744,156.0
5745,18.0
5746,
5747,
5748,
5749,
5750,
5751,
5752,
5753,
5754,
5755,18.0
5756,93.0
5757,103.0
5758,107.0
5759,112.0
5760,107.0
5761,
5762,105.0
5763,112.0
5764,78.0
5765,113.0
5766,129.0
5767,111.0
5768,142.0
5769,116.0
5770,60.0
5771,80.0
5772,119.0
5773,106.0
5774,131.0
5775,100.0
5776,116.0
5777,150.0
5778,
5779,
5780,89.0
5781,102.0
5782,106.0
5783,92.0
5784,94.0
5785,91.0
5786,112.0
5787,123.0
5788,139.0
5789,132.0
5790,151.0
5791,167.0
5792,
5793,
5794,
5795,
5796,
5797,87.0
5798,58.0
5799,81.0
5800,73.0
5801,25.0
5802,152.0
5803,119.0
5804,126.0
5805,121.0
5806,122.0
5807,95.0
5808,118.0
5809,136.0
5810,134.0
5811,153.0
5812,153.0
5813,124.0
5814,79.0
5815,67.0
5816,81.0
5817,83.0
5818,95.0
5819,56.0
5820,71.0
5821,72.0
5822,80.0
5823,90.0
5824,96.0
5825,99.0
5826,89.0
5827,94.0
5828,
5829,96.0
5830,119.0
5831,85.0
5832,156.0
5833,7.0
5834,56.0
5835,92.0
5836,128.0
5837,137.0
5838,144.0
5839,132.0
5840,110.0
5841,126.0
5842,86.0
5843,85.0
5844,43.0
5845,
5846,112.0
5847,59.0
5848,125.0
5849,116.0
5850,130.0
5851,68.0
5852,135.0
5853,149.0
5854,150.0
5855,100.0
5856,109.0
5857,142.0
5858,138.0
5859,148.0
5860,126.0
5861,
5862,
5863,
5864,
5865,
5866,
5867,
5868,
5869,
5870,
5871,
5872,
5873,
5874,-24.0
5875,-40.0
5876,-45.0
5877,-50.0
5878,-45.0
5879,-45.0
5880,-41.0
5881,-32.0
5882,-23.0
5883,-21.0
5884,-62.0
5885,-57.0
5886,-81.0
5887,-59.0
5888,-39.0
5889,-31.0
5890,-30.0
5891,
5892,
5893,-25.0
5894,-69.0
5895,-87.0
5896,-72.0
5897,-91.0
5898,-99.0
5899,-47.0
5900,-7.0
5901,
5902,
5903,
5904,
5905,-38.0
5906,-34.0
5907,-36.0
5908,-29.0
5909,-71.0
5910,-31.0
5911,-76.0
5912,-8.0
5913,-34.0
5914,-44.0
5915,-39.0
5916,-62.0
5917,-77.0
5918,-57.0
5919,-53.0
5920,-59.0
5921,-72.0
5922,-23.0
5923,-22.0
5924,-33.0
5925,-22.0
5926,-52.0
5927,-79.0
5928,-77.0
5929,-67.0
5930,-73.0
5931,-102.0
5932,-48.0
5933,-70.0
5934,-115.0
5935,-33.0
5936,-16.0
5937,-22.0
5938,-17.0
5939,-59.0
5940,-47.0
5941,-44.0
5942,-28.0
5943,-13.0
5944,-50.0
5945,-64.0
5946,-51.0
5947,-30.0
5948,-38.0
5949,-53.0
5950,-12.0
5951,-54.0
5952,-28.0
5953,-62.0
5954,-26.0
5955,-75.0
5956,-30.0
5957,-55.0
5958,-56.0
5959,-42.0
5960,-35.0
5961,-12.0
5962,-37.0
5963,-61.0
5964,-60.0
5965,-97.0
5966,-79.0
5967,-24.0
5968,-16.0
5969,-51.0
5970,-1.0
5971,
5972,
5973,
5974,
5975,
5976,
5977,
5978,
5979,
5980,
5981,
5982,
5983,
5984,
5985,
5986,
5987,
5988,
5989,
5990,-13.0
5991,-18.0
5992,-65.0
5993,-71.0
5994,-89.0
5995,-113.0
5996,-39.0
5997,-73.0
5998,-98.0
5999,-91.0
6000,-88.0
6001,-90.0
6002,-44.0
6003,117.0
6004,122.0
6005,122.0
6006,128.0
6007,137.0
6008,141.0
6009,155.0
6010,163.0
6011,172.0
6012,81.0
6013,-68.0
6014,-148.0
6015,-146.0
6016,-146.0
6017,-152.0
6018,-149.0
6019,-146.0
6020,-144.0
6021,-139.0
6022,-126.0
6023,-119.0
6024,-124.0
6025,-120.0
6026,-115.0
6027,-109.0
6028,-107.0
6029,-97.0
6030,-96.0
6031,-95.0
6032,-93.0
6033,-100.0
6034,-106.0
6035,-95.0
6036,-76.0
6037,-27.0
6038,-45.0
6039,-42.0
6040,-52.0
6041,
6042,
6043,
6044,
6045,
6046,
6047,
6048,
6049,20.0
6050,51.0
6051,99.0
6052,120.0
6053,140.0
6054,152.0
6055,150.0
6056,136.0
6057,13.0
6058,112.0
6059,107.0
6060,134.0
6061,41.0
6062,5.0
6063,79.0
6064,90.0
6065,
6066,
6067,
6068,
6069,
6070,
6071,-23.0
6072,-23.0
6073,-31.0
6074,-19.0
6075,-6.0
6076,-37.0
6077,-32.0
6078,-13.0
6079,-10.0
6080,-38.0
6081,-57.0
6082,-73.0
6083,-45.0
6084,-37.0
6085,-3.0
6086,-50.0
6087,-7.0
6088,-1.0
6089,
6090,
6091,
6092,
6093,
6094,-41.0
6095,-72.0
6096,-22.0
6097,-28.0
6098,-56.0
6099,-26.0
6100,-51.0
6101,-51.0
6102,-32.0
6103,-21.0
6104,-49.0
6105,-31.0
6106,-38.0
6107,-17.0
6108,-16.0
6109,-36.0
6110,-31.0
6111,-8.0
6112,-109.0
6113,-50.0
6114,-15.0
6115,-21.0
6116,
6117,
6118,
6119,
6120,
6121,
6122,
6123,
6124,
6125,-16.0
6126,-22.0
6127,-62.0
6128,-91.0
6129,-126.0
6130,-100.0
6131,-100.0
6132,-125.0
6133,-138.0
6134,-129.0
6135,-131.0
6136,-132.0
6137,-132.0
6138,-123.0
6139,-112.0
6140,-29.0
6141,-34.0
6142,-56.0
6143,-74.0
6144,-45.0
6145,-44.0
6146,-20.0
6147,-10.0
6148,-60.0
6149,-50.0
6150,-69.0
6151,-42.0
6152,-37.0
6153,-27.0
6154,-54.0
6155,-74.0
6156,
6157,
6158,
6159,-52.0
6160,-53.0
6161,-62.0
6162,-82.0
6163,-62.0
6164,-36.0
6165,-18.0
6166,-40.0
6167,-44.0
6168,-74.0
6169,-77.0
6170,-74.0
6171,-67.0
6172,-27.0
6173,-50.0
6174,-38.0
6175,
6176,
6177,
6178,
6179,-0.0
6180,-59.0
6181,-78.0
6182,-36.0
6183,-49.0
6184,-35.0
6185,-47.0
6186,-4.0
6187,
6188,
6189,
6190,
6191,
6192,
6193,
6194,
6195,-27.0
6196,-61.0
6197,-8.0
6198,-44.0
6199,-32.0
6200,-8.0
6201,
6202,
6203,
6204,
6205,-16.0
6206,-4.0
6207,-8.0
6208,-17.0
6209,-36.0
6210,-58.0
6211,-8.0
6212,-8.0
6213,-64.0
6214,-63.0
6215,-106.0
6216,-118.0
6217,-89.0
6218,-36.0
6219,-86.0
6220,-44.0
6221,-48.0
6222,-46.0
6223,-68.0
6224,-37.0
6225,-48.0
6226,-62.0
6227,-35.0
6228,-35.0
6229,-30.0
6230,-21.0
6231,-22.0
6232,-9.0
6233,-11.0
6234,-18.0
6235,-13.0
6236,-12.0
6237,-14.0
6238,-33.0
6239,-155.0
6240,-131.0
6241,-37.0
6242,-56.0
6243,-76.0
6244,-49.0
6245,-24.0
6246,-50.0
6247,-66.0
6248,-88.0
6249,-111.0
6250,-102.0
6251,-92.0
6252,-67.0
6253,-74.0
6254,-34.0
6255,-54.0
6256,-26.0
6257,-32.0
6258,-35.0
6259,-24.0
6260,-16.0
6261,-24.0
6262,-18.0
6263,-30.0
6264,-24.0
6265,-32.0
6266,-29.0
6267,-38.0
6268,-46.0
6269,-57.0
6270,-47.0
6271,-115.0
6272,121.0
6273,110.0
6274,107.0
6275,120.0
6276,111.0
6277,113.0
6278,122.0
6279,136.0
6280,135.0
6281,124.0
6282,130.0
6283,
6284,
6285,
6286,
6287,
6288,
6289,
6290,-11.0
6291,-10.0
6292,-28.0
6293,-41.0
6294,-58.0
6295,-67.0
6296,-52.0
6297,-60.0
6298,-27.0
6299,-41.0
6300,-50.0
6301,-46.0
6302,-19.0
6303,-30.0
6304,-50.0
6305,-48.0
6306,-8.0
6307,-24.0
6308,
6309,-12.0
6310,-44.0
6311,-18.0
6312,-25.0
6313,-27.0
6314,-11.0
6315,-11.0
6316,
6317,-25.0
6318,-9.0
6319,-63.0
6320,-52.0
6321,-19.0
6322,-16.0
6323,-10.0
6324,
6325,
6326,
6327,
6328,
6329,
6330,
6331,
6332,
6333,
6334,
6335,3.0
6336,11.0
6337,22.0
6338,136.0
6339,131.0
6340,54.0
6341,131.0
6342,145.0
6343,148.0
6344,74.0
6345,130.0
6346,146.0
6347,124.0
6348,68.0
6349,119.0
6350,142.0
6351,156.0
6352,56.0
6353,
6354,
6355,
6356,101.0
6357,169.0
6358,101.0
6359,107.0
6360,173.0
6361,173.0
6362,163.0
6363,112.0
6364,108.0
6365,76.0
6366,43.0
6367,29.0
6368,
6369,
6370,100.0
6371,4.0
6372,11.0
6373,29.0
6374,151.0
6375,125.0
6376,
6377,
6378,
6379,98.0
6380,112.0
6381,95.0
6382,95.0
6383,84.0
6384,92.0
6385,
6386,
6387,
6388,
6389,
6390,
6391,
6392,
6393,
6394,
6395,
6396,
6397,127.0
6398,149.0
6399,135.0
6400,102.0
6401,122.0
6402,102.0
6403,
6404,
6405,
6406,98.0
6407,106.0
6408,91.0
6409,87.0
6410,84.0
6411,91.0
6412,65.0
6413,136.0
6414,94.0
6415,117.0
6416,
6417,
6418,
6419,
6420,
6421,
6422,
6423,97.0
6424,106.0
6425,86.0
6426,96.0
6427,152.0
6428,136.0
6429,148.0
6430,124.0
6431,117.0
6432,117.0
6433,108.0
6434,29.0
6435,56.0
6436,75.0
6437,124.0
6438,95.0
6439,115.0
6440,
6441,86.0
6442,147.0
6443,114.0
6444,119.0
6445,115.0
6446,86.0
6447,105.0
6448,136.0
6449,108.0
6450,136.0
6451,
6452,
6453,123.0
6454,103.0
6455,130.0
6456,106.0
6457,128.0
6458,130.0
6459,136.0
6460,106.0
6461,91.0
6462,92.0
6463,64.0
6464,48.0
6465,81.0
6466,129.0
6467,98.0
6468,114.0
6469,80.0
6470,117.0
6471,88.0
6472,101.0
6473,109.0
6474,88.0
6475,90.0
6476,99.0
6477,110.0
6478,78.0
6479,118.0
6480,103.0
6481,91.0
6482,109.0
6483,105.0
6484,126.0
6485,89.0
6486,92.0
6487,110.0
6488,102.0
6489,105.0
6490,104.0
6491,106.0
6492,109.0
6493,115.0
6494,155.0
6495,129.0
6496,147.0
6497,142.0
6498,97.0
6499,119.0
6500,28.0
6501,57.0
6502,
6503,
6504,
6505,
6506,
6507,
6508,
6509,
6510,
6511,
6512,
6513,73.0
6514,147.0
6515,130.0
6516,138.0
6517,133.0
6518,138.0
6519,130.0
6520,133.0
6521,137.0
6522,159.0
6523,156.0
6524,143.0
6525,101.0
6526,118.0
6527,135.0
6528,103.0
6529,116.0
6530,102.0
6531,124.0
6532,143.0
6533,148.0
6534,152.0
6535,144.0
6536,159.0
6537,154.0
6538,141.0
6539,164.0
6540,151.0
6541,140.0
6542,142.0
6543,113.0
6544,7.0
6545,38.0
6546,87.0
6547,102.0
6548,136.0
6549,
6550,
6551,
6552,
6553,
6554,
6555,
6556,
6557,
6558,-76.0
6559,-54.0
6560,-48.0
6561,-54.0
6562,-31.0
6563,-22.0
6564,
6565,
6566,
6567,
6568,
6569,-7.0
6570,-44.0
6571,-100.0
6572,-87.0
6573,-90.0
6574,-69.0
6575,-75.0
6576,-73.0
6577,-71.0
6578,-60.0
6579,-55.0
6580,-88.0
6581,-45.0
6582,
6583,-49.0
6584,-54.0
6585,-66.0
6586,-81.0
6587,-70.0
6588,-76.0
6589,-78.0
6590,-68.0
6591,-59.0
6592,-65.0
6593,-62.0
6594,-81.0
6595,-69.0
6596,-58.0
6597,-54.0
6598,-50.0
6599,-55.0
6600,-57.0
6601,-53.0
6602,-52.0
6603,-57.0
6604,-33.0
6605,-18.0
6606,-63.0
6607,-49.0
6608,-50.0
6609,-46.0
6610,-41.0
6611,-52.0
6612,-38.0
6613,-42.0
6614,-41.0
6615,-24.0
6616,
6617,
6618,
6619,
6620,
6621,
6622,
6623,
6624,
6625,
6626,-47.0
6627,-56.0
6628,-52.0
6629,-55.0
6630,-52.0
6631,-53.0
6632,-45.0
6633,-44.0
6634,-34.0
6635,-28.0
6636,-44.0
6637,-44.0
6638,-60.0
6639,-41.0
6640,-31.0
6641,-28.0
6642,-29.0
6643,-23.0
6644,-28.0
6645,-46.0
6646,-117.0
6647,-139.0
6648,-68.0
6649,-49.0
6650,-15.0
6651,-47.0
6652,-32.0
6653,-44.0
6654,-91.0
6655,-61.0
6656,-54.0
6657,-61.0
6658,-61.0
6659,-57.0
6660,-56.0
6661,
6662,-15.0
6663,-45.0
6664,-34.0
6665,-63.0
6666,-64.0
6667,-41.0
6668,-44.0
6669,-50.0
6670,-50.0
6671,-25.0
6672,-25.0
6673,
6674,-19.0
6675,-38.0
6676,-58.0
6677,-41.0
6678,-4.0
6679,-8.0
6680,-3.0
6681,-30.0
6682,-25.0
6683,-43.0
6684,-76.0
6685,-87.0
6686,-65.0
6687,-5.0
6688,-14.0
6689,-104.0
6690,-107.0
6691,-126.0
6692,-71.0
6693,-75.0
6694,-66.0
6695,-49.0
6696,-45.0
6697,-41.0
6698,-50.0
6699,-56.0
6700,-18.0
6701,-16.0
6702,-10.0
6703,-22.0
6704,-28.0
6705,-33.0
6706,-33.0
6707,-31.0
6708,-59.0
6709,-45.0
6710,-51.0
6711,-34.0
6712,-45.0
6713,-44.0
6714,-59.0
6715,-55.0
6716,-44.0
6717,-50.0
6718,-77.0
6719,-56.0
6720,
6721,-4.0
6722,-11.0
6723,-2.0
6724,-23.0
6725,-31.0
6726,-41.0
6727,-20.0
6728,-6.0
6729,
6730,-40.0
6731,-1.0
6732,-82.0
6733,-65.0
6734,-104.0
6735,-104.0
6736,-55.0
6737,-21.0
6738,-48.0
6739,-70.0
6740,-34.0
6741,
6742,
6743,
6744,-33.0
6745,-85.0
6746,-91.0
6747,-118.0
6748,-43.0
6749,-20.0
6750,
6751,
6752,
6753,
6754,-27.0
6755,-61.0
6756,-71.0
6757,-50.0
6758,-71.0
6759,-81.0
6760,-41.0
6761,-5.0
6762,
6763,
6764,-10.0
6765,-32.0
6766,-25.0
6767,-30.0
6768,-64.0
6769,-65.0
6770,
6771,
6772,
6773,
6774,
6775,
6776,
6777,
6778,
6779,
6780,-11.0
6781,-34.0
6782,-5.0
6783,-38.0
6784,-124.0
6785,-94.0
6786,-52.0
6787,-36.0
6788,-92.0
6789,-54.0
6790,-47.0
6791,-64.0
6792,-51.0
6793,
6794,-26.0
6795,-80.0
6796,-71.0
6797,-64.0
6798,-35.0
6799,-41.0
6800,-18.0
6801,
6802,-13.0
6803,-22.0
6804,-80.0
6805,-84.0
6806,-47.0
6807,-55.0
6808,-59.0
6809,-32.0
6810,-22.0
6811,-13.0
6812,-6.0
6813,-17.0
6814,-53.0
6815,-69.0
6816,-29.0
6817,-27.0
6818,-37.0
6819,-51.0
6820,-28.0
6821,-39.0
6822,-16.0
6823,-54.0
6824,-56.0
6825,-14.0
6826,-50.0
6827,-66.0
6828,-84.0
6829,-49.0
6830,-40.0
6831,-51.0
6832,-30.0
6833,-40.0
6834,-84.0
6835,-30.0
6836,-46.0
6837,-55.0
6838,-47.0
6839,-54.0
6840,-46.0
6841,-50.0
6842,
6843,-6.0
6844,-42.0
6845,-56.0
6846,-90.0
6847,-96.0
6848,-60.0
6849,-24.0
6850,-47.0
6851,-32.0
6852,-26.0
6853,
6854,-12.0
6855,-44.0
6856,-46.0
6857,-51.0
6858,-11.0
6859,-7.0
6860,-10.0
6861,-48.0
6862,-35.0
6863,-112.0
6864,-68.0
6865,-96.0
6866,-10.0
6867,-43.0
6868,-63.0
6869,-58.0
6870,-52.0
6871,-15.0
6872,-44.0
6873,-22.0
6874,-66.0
6875,-123.0
6876,-62.0
6877,-13.0
6878,-15.0
6879,
6880,
6881,-32.0
6882,-2.0
6883,-12.0
6884,-35.0
6885,-59.0
6886,-57.0
6887,
6888,
6889,
6890,
6891,
6892,-6.0
6893,-8.0
6894,-81.0
6895,-80.0
6896,-89.0
6897,-104.0
6898,-99.0
6899,-83.0
6900,-95.0
6901,-69.0
6902,-48.0
6903,-88.0
6904,-118.0
6905,-125.0
6906,-114.0
6907,-122.0
6908,-96.0
6909,-82.0
6910,-141.0
6911,-137.0
6912,-136.0
6913,-139.0
6914,-134.0
6915,-143.0
6916,-135.0
6917,-162.0
6918,-99.0
6919,-113.0
6920,-113.0
6921,-136.0
6922,-13.0
6923,
6924,
6925,
6926,
6927,-52.0
6928,-39.0
6929,-102.0
6930,-140.0
6931,-86.0
6932,-14.0
6933,-40.0
6934,-154.0
6935,-154.0
6936,-147.0
6937,-111.0
6938,-52.0
6939,-56.0
6940,-50.0
6941,
6942,
6943,
6944,
6945,
6946,
6947,
6948,
6949,
6950,-114.0
6951,-104.0
6952,-44.0
6953,-45.0
6954,-67.0
6955,-62.0
6956,-75.0
6957,-68.0
6958,-54.0
6959,
6960,
6961,
6962,
6963,
6964,
6965,
6966,
6967,
6968,-73.0
6969,-78.0
6970,-78.0
6971,-38.0
6972,-76.0
6973,-57.0
6974,-62.0
6975,-55.0
6976,-41.0
6977,-6.0
6978,-8.0
6979,-35.0
6980,-59.0
6981,-41.0
6982,-40.0
6983,-100.0
6984,-137.0
6985,-55.0
6986,-60.0
6987,-87.0
6988,-56.0
6989,-63.0
6990,-52.0
6991,-56.0
6992,-70.0
6993,-6.0
6994,-11.0
6995,-85.0
6996,-66.0
6997,-74.0
6998,-28.0
6999,
7000,
7001,
7002,
7003,
7004,-48.0
7005,-20.0
7006,-68.0
7007,-131.0
7008,-111.0
7009,-127.0
7010,-97.0
7011,-103.0
7012,-143.0
7013,-122.0
7014,-112.0
7015,-99.0
7016,-57.0
7017,-94.0
7018,-127.0
7019,-88.0
7020,
7021,
7022,
7023,
7024,
7025,
7026,8.0
7027,123.0
7028,92.0
7029,154.0
7030,78.0
7031,101.0
7032,111.0
7033,147.0
7034,133.0
7035,130.0
7036,85.0
7037,109.0
7038,125.0
7039,150.0
7040,7.0
7041,
7042,
7043,
7044,
7045,
7046,
7047,
7048,
7049,
7050,
7051,
7052,
7053,
7054,
7055,
7056,62.0
7057,76.0
7058,37.0
7059,97.0
7060,97.0
7061,142.0
7062,133.0
7063,
7064,
7065,145.0
7066,139.0
7067,136.0
7068,115.0
7069,141.0
7070,56.0
7071,99.0
7072,
7073,69.0
7074,140.0
7075,122.0
7076,114.0
7077,141.0
7078,123.0
7079,137.0
7080,135.0
7081,134.0
7082,
7083,
7084,
7085,
7086,
7087,136.0
7088,92.0
7089,64.0
7090,151.0
7091,45.0
7092,19.0
7093,162.0
7094,152.0
7095,137.0
7096,140.0
7097,142.0
7098,129.0
7099,86.0
7100,54.0
7101,49.0
7102,124.0
7103,106.0
7104,76.0
7105,136.0
7106,137.0
7107,72.0
7108,50.0
7109,140.0
7110,161.0
7111,133.0
7112,152.0
7113,153.0
7114,100.0
7115,94.0
7116,96.0
7117,121.0
7118,96.0
7119,98.0
7120,29.0
7121,77.0
7122,60.0
7123,63.0
7124,69.0
7125,
7126,86.0
7127,95.0
7128,95.0
7129,56.0
7130,60.0
7131,104.0
7132,142.0
7133,87.0
7134,85.0
7135,59.0
7136,25.0
7137,58.0
7138,66.0
7139,84.0
7140,52.0
7141,70.0
7142,64.0
7143,120.0
7144,59.0
7145,41.0
7146,36.0
7147,40.0
7148,44.0
7149,38.0
7150,29.0
7151,27.0
7152,24.0
7153,10.0
7154,2.0
7155,
7156,24.0
7157,31.0
7158,41.0
7159,49.0
7160,43.0
7161,31.0
7162,20.0
7163,20.0
7164,18.0
7165,19.0
7166,13.0
7167,20.0
7168,31.0
7169,7.0
7170,-3.0
7171,-6.0
7172,-18.0
7173,-18.0
7174,-16.0
7175,-20.0
7176,-17.0
7177,-15.0
7178,-10.0
7179,-7.0
7180,-7.0
7181,-4.0
7182,
7183,-19.0
7184,-12.0
7185,-20.0
7186,-26.0
7187,-38.0
7188,-37.0
7189,-32.0
7190,-29.0
7191,-28.0
7192,-27.0
7193,-28.0
7194,-27.0
7195,-24.0
7196,-4.0
7197,-8.0
7198,-38.0
7199,-41.0
7200,-48.0
7201,-54.0
7202,-60.0
7203,-35.0
7204,
7205,
7206,-11.0
7207,-21.0
7208,-15.0
7209,-10.0
7210,-12.0
7211,-4.0
7212,2.0
7213,57.0
7214,80.0
7215,108.0
7216,124.0
7217,140.0
7218,141.0
7219,134.0
7220,146.0
7221,-0.0
7222,-51.0
7223,-32.0
7224,-33.0
7225,-14.0
7226,-14.0
7227,-2.0
7228,
7229,-1.0
7230,-16.0
7231,-33.0
7232,-70.0
7233,-55.0
7234,-54.0
7235,-61.0
7236,-65.0
7237,-71.0
7238,-65.0
7239,-83.0
7240,-52.0
7241,-47.0
7242,-43.0
7243,-41.0
7244,-52.0
7245,-28.0
7246,-37.0
7247,-66.0
7248,-46.0
7249,-50.0
7250,-64.0
7251,-39.0
7252,-35.0
7253,-0.0
7254,
7255,
7256,
7257,-13.0
7258,-26.0
7259,-50.0
7260,-68.0
7261,-57.0
7262,-43.0
7263,-56.0
7264,-35.0
7265,-12.0
7266,-4.0
7267,
7268,
7269,
7270,
7271,
7272,
7273,
7274,
7275,-23.0
7276,-9.0
7277,-38.0
7278,-42.0
7279,-30.0
7280,-16.0
7281,-20.0
7282,-23.0
7283,-91.0
7284,-27.0
7285,-54.0
7286,-51.0
7287,-91.0
7288,-101.0
7289,-43.0
7290,-23.0
7291,-22.0
7292,-21.0
7293,-66.0
7294,-80.0
7295,-84.0
7296,-54.0
7297,-57.0
7298,-57.0
7299,-67.0
7300,-53.0
7301,-89.0
7302,-16.0
7303,-44.0
7304,-45.0
7305,-51.0
7306,-63.0
7307,-77.0
7308,-59.0
7309,-53.0
7310,-80.0
7311,-42.0
7312,-34.0
7313,-44.0
7314,-47.0
7315,-48.0
7316,-44.0
7317,55.0
7318,102.0
7319,163.0
7320,148.0
7321,133.0
7322,123.0
7323,124.0
7324,134.0
7325,105.0
7326,75.0
7327,93.0
7328,114.0
7329,93.0
7330,42.0
7331,56.0
7332,
7333,
7334,
7335,
7336,
7337,141.0
7338,121.0
7339,127.0
7340,119.0
7341,98.0
7342,93.0
7343,161.0
7344,147.0
7345,152.0
7346,148.0
7347,74.0
7348,59.0
7349,
7350,
7351,
7352,
7353,
7354,-47.0
7355,-40.0
7356,-47.0
7357,-23.0
7358,-9.0
7359,-35.0
7360,-3.0
7361,-35.0
7362,-42.0
7363,-57.0
7364,-57.0
7365,-83.0
7366,-68.0
7367,-69.0
7368,-47.0
7369,-8.0
7370,-38.0
7371,-58.0
7372,-32.0
7373,-30.0
7374,-10.0
7375,-38.0
7376,-55.0
7377,-54.0
7378,-62.0
7379,-66.0
7380,-57.0
7381,-45.0
7382,-31.0
7383,-54.0
7384,-142.0
7385,-161.0
7386,-159.0
7387,-155.0
7388,-158.0
7389,-53.0
7390,34.0
7391,36.0
7392,40.0
7393,36.0
7394,42.0
7395,39.0
7396,29.0
7397,2.0
7398,-21.0
7399,-15.0
7400,-2.0
7401,-23.0
7402,-14.0
7403,-62.0
7404,-38.0
7405,
7406,
7407,
7408,
7409,
7410,
7411,
7412,
7413,
7414,
7415,-4.0
7416,-3.0
7417,-4.0
7418,-17.0
7419,-21.0
7420,-8.0
7421,
7422,
7423,-12.0
7424,-18.0
7425,-24.0
7426,-25.0
7427,-10.0
7428,-13.0
7429,-3.0
7430,-11.0
7431,-4.0
7432,-42.0
7433,-37.0
7434,-36.0
7435,-30.0
7436,-55.0
7437,-70.0
7438,-64.0
7439,-59.0
7440,-30.0
7441,-86.0
7442,-23.0
7443,-109.0
7444,-124.0
7445,-128.0
7446,-120.0
7447,-92.0
7448,-92.0
7449,0.0
7450,102.0
7451,38.0
7452,17.0
7453,12.0
7454,29.0
7455,37.0
7456,43.0
7457,48.0
7458,44.0
7459,47.0
7460,41.0
7461,49.0
7462,49.0
7463,51.0
7464,53.0
7465,59.0
7466,54.0
7467,60.0
7468,48.0
7469,15.0
7470,8.0
7471,-7.0
7472,-10.0
7473,-25.0
7474,-20.0
7475,-21.0
7476,-60.0
7477,-49.0
7478,-45.0
7479,-44.0
7480,-43.0
7481,-34.0
7482,-55.0
7483,-75.0
7484,-78.0
7485,-92.0
7486,-70.0
7487,-128.0
7488,-104.0
7489,-119.0
7490,-23.0
7491,-54.0
7492,-94.0
7493,-144.0
7494,-136.0
7495,-150.0
7496,-140.0
7497,-152.0
7498,-152.0
7499,-150.0
7500,-143.0
7501,-135.0
7502,-101.0
7503,-47.0
7504,-63.0
7505,-32.0
7506,-32.0
7507,-41.0
7508,-32.0
7509,-51.0
7510,-57.0
7511,-47.0
7512,-33.0
7513,-38.0
7514,-27.0
7515,
7516,-38.0
7517,-39.0
7518,-50.0
7519,-62.0
7520,-64.0
7521,-42.0
7522,-21.0
7523,-53.0
7524,-93.0
7525,-8.0
7526,-14.0
7527,-7.0
7528,-49.0
7529,-78.0
7530,-58.0
7531,-1.0
7532,-8.0
7533,-35.0
7534,-43.0
7535,-32.0
7536,
7537,
7538,
7539,
7540,
7541,
7542,
7543,
7544,
7545,
7546,
7547,
7548,
7549,
7550,
7551,
7552,-34.0
7553,-98.0
7554,-63.0
7555,-58.0
7556,-63.0
7557,-3.0
7558,
7559,-22.0
7560,-37.0
7561,-47.0
7562,-37.0
7563,-25.0
7564,-10.0
7565,-6.0
7566,
7567,
7568,
7569,
7570,-66.0
7571,-142.0
7572,-162.0
7573,-99.0
7574,-38.0
7575,-91.0
7576,-112.0
7577,-136.0
7578,-116.0
7579,-47.0
7580,-53.0
7581,-56.0
7582,-30.0
7583,-16.0
7584,-23.0
7585,-12.0
7586,-24.0
7587,-22.0
7588,-17.0
7589,-22.0
7590,-7.0
7591,-7.0
7592,81.0
7593,97.0
7594,18.0
7595,46.0
7596,61.0
7597,91.0
7598,-48.0
7599,-79.0
7600,-70.0
7601,-84.0
7602,-71.0
7603,-53.0
7604,-73.0
7605,-50.0
7606,-45.0
7607,-65.0
7608,-71.0
7609,-44.0
7610,-96.0
7611,-95.0
7612,-75.0
7613,-97.0
7614,-99.0
7615,-96.0
7616,-91.0
7617,-52.0
7618,-78.0
7619,-59.0
7620,-74.0
7621,-61.0
7622,-111.0
7623,-17.0
7624,-53.0
7625,-110.0
7626,-153.0
7627,-140.0
7628,-150.0
7629,-92.0
7630,-94.0
7631,-98.0
7632,-89.0
7633,-70.0
7634,-80.0
7635,-73.0
7636,-94.0
7637,-87.0
7638,-37.0
7639,-44.0
7640,-48.0
7641,-117.0
7642,-104.0
7643,-65.0
7644,-101.0
7645,-84.0
7646,-112.0
7647,-128.0
7648,-69.0
7649,-16.0
7650,-74.0
7651,-113.0
7652,-109.0
7653,-110.0
7654,-98.0
7655,-103.0
7656,-100.0
7657,-93.0
7658,-85.0
7659,-80.0
7660,-72.0
7661,-79.0
7662,-71.0
7663,-97.0
7664,-85.0
7665,-77.0
7666,-68.0
7667,-67.0
7668,-79.0
7669,-61.0
7670,-63.0
7671,-60.0
7672,-72.0
7673,-74.0
7674,-63.0
7675,-73.0
7676,-63.0
7677,-64.0
7678,-43.0
7679,-55.0
7680,-49.0
7681,-49.0
7682,-47.0
7683,-44.0
7684,-54.0
7685,-58.0
7686,-61.0
7687,-76.0
7688,-44.0
7689,-37.0
7690,-37.0
7691,-37.0
7692,-49.0
7693,-36.0
7694,-30.0
7695,-27.0
7696,-41.0
7697,-37.0
7698,-39.0
7699,-38.0
7700,-38.0
7701,38.0
7702,94.0
7703,132.0
7704,139.0
7705,141.0
7706,144.0
7707,100.0
7708,136.0
7709,132.0
7710,127.0
7711,131.0
7712,39.0
7713,
7714,
7715,
7716,
7717,
7718,
7719,
7720,83.0
7721,77.0
7722,78.0
7723,87.0
7724,123.0
7725,55.0
7726,82.0
7727,
7728,
7729,
7730,
7731,
7732,
7733,
7734,
7735,
7736,
7737,
7738,
7739,
7740,
7741,
7742,
7743,99.0
7744,119.0
7745,138.0
7746,86.0
7747,22.0
7748,83.0
7749,61.0
7750,65.0
7751,82.0
7752,65.0
7753,91.0
7754,104.0
7755,
7756,
7757,
7758,
7759,
7760,
7761,
7762,99.0
7763,106.0
7764,106.0
7765,96.0
7766,92.0
7767,105.0
7768,110.0
7769,92.0
7770,114.0
7771,126.0
7772,109.0
7773,94.0
7774,77.0
7775,67.0
7776,68.0
7777,135.0
7778,133.0
7779,121.0
7780,115.0
7781,112.0
7782,90.0
7783,109.0
7784,106.0
7785,100.0
7786,70.0
7787,51.0
7788,79.0
7789,66.0
7790,75.0
7791,86.0
7792,88.0
7793,75.0
7794,84.0
7795,89.0
7796,85.0
7797,97.0
7798,109.0
7799,81.0
7800,79.0
7801,103.0
7802,87.0
7803,79.0
7804,69.0
7805,72.0
7806,95.0
7807,75.0
7808,96.0
7809,84.0
7810,71.0
7811,70.0
7812,100.0
7813,82.0
7814,88.0
7815,138.0
7816,110.0
7817,118.0
7818,91.0
7819,96.0
7820,117.0
7821,140.0
7822,100.0
7823,91.0
7824,128.0
7825,143.0
7826,97.0
7827,9.0
7828,86.0
7829,84.0
7830,133.0
7831,79.0
7832,
7833,
7834,
7835,
7836,
7837,
7838,
7839,
7840,95.0
7841,150.0
7842,134.0
7843,127.0
7844,134.0
7845,127.0
7846,118.0
7847,157.0
7848,163.0
7849,164.0
7850,164.0
7851,167.0
7852,169.0
7853,154.0
7854,160.0
7855,135.0
7856,127.0
7857,36.0
7858,166.0
7859,155.0
7860,146.0
7861,166.0
7862,117.0
7863,162.0
7864,167.0
7865,165.0
7866,159.0
7867,152.0
7868,160.0
7869,152.0
7870,153.0
7871,142.0
7872,112.0
7873,120.0
7874,124.0
7875,146.0
7876,145.0
7877,137.0
7878,117.0
7879,89.0
7880,68.0
7881,53.0
7882,72.0
7883,98.0
7884,73.0
7885,74.0
7886,78.0
7887,92.0
7888,50.0
7889,48.0
7890,74.0
7891,79.0
7892,75.0
7893,
7894,
7895,30.0
7896,59.0
7897,77.0
7898,54.0
7899,55.0
7900,82.0
7901,64.0
7902,52.0
7903,43.0
7904,21.0
7905,38.0
7906,-30.0
7907,-68.0
7908,-86.0
7909,-44.0
7910,-64.0
7911,-23.0
7912,-67.0
7913,-90.0
7914,-95.0
7915,-88.0
7916,-73.0
7917,-68.0
7918,-63.0
7919,-53.0
7920,-60.0
7921,-63.0
7922,-63.0
7923,-69.0
7924,-77.0
7925,-82.0
7926,91.0
7927,147.0
7928,150.0
7929,151.0
7930,84.0
7931,93.0
7932,152.0
7933,165.0
7934,156.0
7935,141.0
7936,148.0
7937,149.0
7938,146.0
7939,150.0
7940,113.0
7941,134.0
7942,126.0
7943,124.0
7944,142.0
7945,153.0
7946,150.0
7947,148.0
7948,147.0
7949,128.0
7950,119.0
7951,118.0
7952,117.0
7953,137.0
7954,132.0
7955,89.0
7956,111.0
7957,141.0
7958,129.0
7959,132.0
7960,133.0
7961,120.0
7962,140.0
7963,154.0
7964,137.0
7965,29.0
7966,142.0
7967,142.0
7968,58.0
7969,155.0
7970,
7971,
7972,
7973,130.0
7974,127.0
7975,151.0
7976,137.0
7977,110.0
7978,125.0
7979,89.0
7980,132.0
7981,143.0
7982,82.0
7983,78.0
7984,122.0
7985,124.0
7986,116.0
7987,83.0
7988,
7989,
7990,
7991,-17.0
7992,-16.0
7993,-10.0
7994,-11.0
7995,-13.0
7996,-76.0
7997,
7998,
7999,
8000,
8001,-31.0
8002,-46.0
8003,-67.0
8004,-27.0
8005,-5.0
8006,-4.0
8007,-1.0
8008,-28.0
8009,-30.0
8010,-74.0
8011,-77.0
8012,-0.0
8013,-8.0
8014,-71.0
8015,-90.0
8016,-131.0
8017,-135.0
8018,-39.0
8019,-125.0
8020,-121.0
8021,-117.0
8022,-115.0
8023,-90.0
8024,-67.0
8025,
8026,
8027,
8028,
8029,
8030,
8031,-70.0
8032,-88.0
8033,-72.0
8034,-81.0
8035,-102.0
8036,-51.0
8037,-10.0
8038,-30.0
8039,-34.0
8040,-44.0
8041,-50.0
8042,-66.0
8043,-24.0
8044,-24.0
8045,-36.0
8046,-29.0
8047,-43.0
8048,-46.0
8049,-34.0
8050,-42.0
8051,-42.0
8052,-50.0
8053,-31.0
8054,-51.0
8055,-42.0
8056,-54.0
8057,-59.0
8058,-47.0
8059,-34.0
8060,-37.0
8061,-49.0
8062,-47.0
8063,-6.0
8064,-20.0
8065,-29.0
8066,-18.0
8067,-42.0
8068,-39.0
8069,-42.0
8070,-30.0
8071,-11.0
8072,-37.0
8073,-47.0
8074,-45.0
8075,-35.0
8076,
8077,-23.0
8078,-35.0
8079,-19.0
8080,-25.0
8081,-11.0
8082,-61.0
8083,-11.0
8084,-65.0
8085,-61.0
8086,-43.0
8087,-29.0
8088,-11.0
8089,-17.0
8090,-29.0
8091,-47.0
8092,-39.0
8093,-39.0
8094,-54.0
8095,-41.0
8096,-50.0
8097,-41.0
8098,-34.0
8099,-25.0
8100,-43.0
8101,-30.0
8102,-47.0
8103,-50.0
8104,-56.0
8105,-41.0
8106,-18.0
8107,-19.0
8108,-19.0
8109,-19.0
8110,
8111,
8112,
8113,-30.0
8114,-52.0
8115,-63.0
8116,-58.0
8117,-50.0
8118,-39.0
8119,-18.0
8120,-63.0
8121,-79.0
8122,-37.0
8123,-38.0
8124,-43.0
8125,-45.0
8126,-56.0
8127,-61.0
8128,-118.0
8129,-86.0
8130,-30.0
8131,-86.0
8132,-145.0
8133,-90.0
8134,-57.0
8135,-58.0
8136,-51.0
8137,-49.0
8138,-61.0
8139,-59.0
8140,-99.0
8141,
8142,
8143,-70.0
8144,-35.0
8145,-42.0
8146,-26.0
8147,-60.0
8148,-57.0
8149,-70.0
8150,-22.0
8151,-31.0
8152,-27.0
8153,-26.0
8154,-34.0
8155,-31.0
8156,4.0
8157,4.0
8158,13.0
8159,18.0
8160,10.0
8161,3.0
8162,-3.0
8163,-22.0
8164,-27.0
8165,-32.0
8166,-50.0
8167,-38.0
8168,-25.0
8169,-47.0
8170,
8171,
8172,
8173,-37.0
8174,-18.0
8175,-51.0
8176,-39.0
8177,-29.0
8178,-40.0
8179,-24.0
8180,-36.0
8181,-12.0
8182,-13.0
8183,-8.0
8184,-44.0
8185,-5.0
8186,-46.0
8187,-35.0
8188,-17.0
8189,
8190,
8191,
8192,
8193,
8194,-6.0
8195,-11.0
8196,-28.0
8197,-12.0
8198,-23.0
8199,-17.0
8200,-28.0
8201,-23.0
8202,-77.0
8203,-73.0
8204,-60.0
8205,-48.0
8206,-41.0
8207,-12.0
8208,-35.0
8209,-79.0
8210,-36.0
8211,-48.0
8212,-63.0
8213,-27.0
8214,
8215,-12.0
8216,-4.0
8217,-14.0
8218,-32.0
8219,-24.0
8220,-43.0
8221,-36.0
8222,-40.0
8223,-13.0
8224,-20.0
8225,-15.0
8226,-62.0
8227,-62.0
8228,-9.0
8229,-61.0
8230,-76.0
8231,-62.0
8232,-62.0
8233,-52.0
8234,-67.0
8235,-58.0
8236,-29.0
8237,-41.0
8238,
8239,
8240,
8241,
8242,
8243,
8244,
8245,-11.0
8246,-38.0
8247,-21.0
8248,-57.0
8249,-55.0
8250,-65.0
8251,-29.0
8252,-26.0
8253,-52.0
8254,-67.0
8255,-60.0
8256,-68.0
8257,-78.0
8258,-118.0
8259,-39.0
8260,-27.0
8261,
8262,-44.0
8263,-18.0
8264,-13.0
8265,-29.0
8266,-59.0
8267,-38.0
8268,
8269,
8270,-90.0
8271,-78.0
8272,-72.0
8273,-80.0
8274,-20.0
8275,-70.0
8276,-83.0
8277,-60.0
8278,-38.0
8279,-59.0
8280,-38.0
8281,-20.0
8282,-67.0
8283,-41.0
8284,-8.0
8285,-14.0
8286,-53.0
8287,
8288,
8289,-74.0
8290,-54.0
8291,-30.0
8292,-23.0
8293,-68.0
8294,-58.0
8295,-11.0
8296,-4.0
8297,
8298,
8299,
8300,
8301,
8302,-8.0
8303,-66.0
8304,-76.0
8305,-38.0
8306,-58.0
8307,-77.0
8308,-62.0
8309,-34.0
8310,-69.0
8311,-96.0
8312,-89.0
8313,-32.0
8314,-48.0
8315,-38.0
8316,
8317,-21.0
8318,-20.0
8319,-31.0
8320,-23.0
8321,-21.0
8322,-49.0
8323,-64.0
8324,-59.0
8325,-71.0
8326,-43.0
8327,-27.0
8328,-55.0
8329,-62.0
8330,-30.0
8331,-34.0
8332,-26.0
8333,-28.0
8334,-37.0
8335,-33.0
8336,-36.0
8337,-43.0
8338,-51.0
8339,-13.0
8340,-9.0
8341,-65.0
8342,-11.0
8343,-27.0
8344,
8345,
8346,98.0
8347,97.0
8348,122.0
8349,109.0
8350,75.0
8351,148.0
8352,128.0
8353,113.0
8354,140.0
8355,43.0
8356,153.0
8357,101.0
8358,
8359,112.0
8360,79.0
8361,115.0
8362,109.0
8363,132.0
8364,129.0
8365,49.0
8366,149.0
8367,132.0
8368,133.0
8369,138.0
8370,122.0
8371,27.0
8372,78.0
8373,123.0
8374,127.0
8375,121.0
8376,126.0
8377,115.0
8378,135.0
8379,141.0
8380,132.0
8381,108.0
8382,132.0
8383,131.0
8384,130.0
8385,146.0
8386,116.0
8387,112.0
8388,142.0
8389,149.0
8390,151.0
8391,140.0
8392,144.0
8393,143.0
8394,144.0
8395,144.0
8396,111.0
8397,137.0
8398,137.0
8399,24.0
8400,109.0
8401,135.0
8402,94.0
8403,153.0
8404,138.0
8405,77.0
8406,79.0
8407,89.0
8408,147.0
8409,111.0
8410,15.0
8411,106.0
8412,144.0
8413,112.0
8414,105.0
8415,78.0
8416,101.0
8417,93.0
8418,126.0
8419,121.0
8420,98.0
8421,132.0
8422,129.0
8423,101.0
8424,116.0
8425,122.0
8426,88.0
8427,
8428,126.0
8429,110.0
8430,114.0
8431,106.0
8432,70.0
8433,113.0
8434,129.0
8435,91.0
8436,127.0
8437,112.0
8438,63.0
8439,26.0
8440,142.0
8441,127.0
8442,102.0
8443,125.0
8444,142.0
8445,93.0
8446,59.0
8447,94.0
8448,81.0
8449,102.0
8450,
8451,
8452,
8453,
8454,
8455,
8456,
8457,
8458,
8459,145.0
8460,173.0
8461,161.0
8462,125.0
8463,128.0
8464,117.0
8465,129.0
8466,123.0
8467,
8468,
8469,-43.0
8470,-96.0
8471,-74.0
8472,-57.0
8473,-81.0
8474,-74.0
8475,-77.0
8476,-78.0
8477,-49.0
8478,-114.0
8479,-144.0
8480,-140.0
8481,-50.0
8482,-21.0
8483,-45.0
8484,-38.0
8485,-20.0
8486,-34.0
8487,-84.0
8488,-59.0
8489,-23.0
8490,
8491,
8492,
8493,
8494,
8495,
8496,29.0
8497,40.0
8498,46.0
8499,49.0
8500,47.0
8501,56.0
8502,73.0
8503,59.0
8504,37.0
8505,63.0
8506,72.0
8507,76.0
8508,75.0
8509,75.0
8510,86.0
8511,101.0
8512,108.0
8513,113.0
8514,115.0
8515,118.0
8516,116.0
8517,114.0
8518,106.0
8519,120.0
8520,127.0
8521,99.0
8522,84.0
8523,95.0
8524,99.0
8525,29.0
8526,89.0
8527,29.0
8528,92.0
8529,
8530,
8531,
8532,46.0
8533,99.0
8534,90.0
8535,84.0
8536,62.0
8537,62.0
8538,93.0
8539,93.0
8540,108.0
8541,42.0
8542,117.0
8543,108.0
8544,131.0
8545,132.0
8546,122.0
8547,147.0
8548,92.0
8549,1.0
8550,109.0
8551,99.0
8552,106.0
8553,95.0
8554,116.0
8555,107.0
8556,131.0
8557,135.0
8558,98.0
8559,60.0
8560,88.0
8561,92.0
8562,84.0
8563,88.0
8564,91.0
8565,108.0
8566,100.0
8567,118.0
8568,95.0
8569,95.0
8570,117.0
8571,133.0
8572,116.0
8573,131.0
8574,113.0
8575,136.0
8576,105.0
8577,
8578,
8579,
8580,
8581,
8582,
8583,
8584,
8585,
8586,34.0
8587,134.0
8588,127.0
8589,132.0
8590,120.0
8591,108.0
8592,125.0
8593,
8594,
8595,23.0
8596,129.0
8597,152.0
8598,153.0
8599,5.0
8600,129.0
8601,91.0
8602,
8603,
8604,
8605,
8606,
8607,
8608,
8609,
8610,
8611,
8612,
8613,
8614,143.0
8615,27.0
8616,142.0
8617,136.0
8618,142.0
8619,113.0
8620,109.0
8621,120.0
8622,129.0
8623,71.0
8624,133.0
8625,106.0
8626,140.0
8627,145.0
8628,132.0
8629,116.0
8630,66.0
8631,122.0
8632,145.0
8633,72.0
8634,55.0
8635,98.0
8636,30.0
8637,118.0
8638,86.0
8639,132.0
8640,134.0
8641,138.0
8642,144.0
8643,138.0
8644,162.0
8645,66.0
8646,139.0
8647,156.0
8648,160.0
8649,139.0
8650,
8651,
8652,
8653,
8654,
8655,
8656,
8657,
8658,
8659,
8660,
8661,
8662,
8663,
8664,
8665,
8666,168.0
8667,127.0
8668,153.0
8669,93.0
8670,117.0
8671,97.0
8672,38.0
8673,0.0
8674,
8675,
8676,
8677,
8678,
8679,
8680,
8681,
8682,-66.0
8683,-38.0
8684,-38.0
8685,-33.0
8686,-2.0
8687,-16.0
8688,-47.0
8689,-28.0
8690,-5.0
8691,
8692,
8693,
8694,-1.0
8695,-8.0
8696,-25.0
8697,-30.0
8698,-29.0
8699,-27.0
8700,-5.0
8701,-46.0
8702,-97.0
8703,-71.0
8704,-94.0
8705,-75.0
8706,-1.0
8707,-57.0
8708,-64.0
8709,-40.0
8710,-20.0
8711,-14.0
8712,-37.0
8713,-36.0
8714,-22.0
8715,-35.0
8716,-31.0
8717,-28.0
8718,-59.0
8719,-65.0
8720,-61.0
8721,-33.0
8722,-59.0
8723,
